trial,testing,parameters,initial_deadline,final_deadline,net_reward,actions,success
1,False,"{'a': 0.1, 'e': 0.9950041652780258}",20,0,-176.46714387584066,"{0: 13, 1: 1, 2: 1, 3: 1, 4: 4}",0
2,False,"{'a': 0.1, 'e': 0.9800665778412416}",25,0,-304.71183263847706,"{0: 12, 1: 1, 2: 5, 3: 1, 4: 6}",0
3,False,"{'a': 0.1, 'e': 0.955336489125606}",25,0,-76.7649965648411,"{0: 16, 1: 1, 2: 7, 3: 1, 4: 0}",0
4,False,"{'a': 0.1, 'e': 0.9210609940028851}",25,0,-161.4433470473343,"{0: 12, 1: 2, 2: 8, 3: 2, 4: 1}",0
5,False,"{'a': 0.1, 'e': 0.8775825618903728}",20,0,-143.23621048365672,"{0: 10, 1: 3, 2: 4, 3: 1, 4: 2}",0
6,False,"{'a': 0.1, 'e': 0.8253356149096782}",20,0,-20.76049048632546,"{0: 14, 1: 4, 2: 2, 3: 0, 4: 0}",0
7,False,"{'a': 0.1, 'e': 0.7648421872844884}",20,5,-42.874654669660686,"{0: 11, 1: 2, 2: 1, 3: 0, 4: 1}",1
8,False,"{'a': 0.1, 'e': 0.6967067093471654}",20,0,-111.08723840989222,"{0: 11, 1: 1, 2: 6, 3: 1, 4: 1}",0
9,False,"{'a': 0.1, 'e': 0.6216099682706644}",20,0,-82.51120493473059,"{0: 12, 1: 3, 2: 4, 3: 0, 4: 1}",0
10,False,"{'a': 0.1, 'e': 0.5403023058681398}",25,0,-87.9107266577431,"{0: 18, 1: 1, 2: 4, 3: 1, 4: 1}",0
11,False,"{'a': 0.1, 'e': 0.4535961214255773}",25,0,-98.10769134992323,"{0: 17, 1: 1, 2: 5, 3: 1, 4: 1}",0
12,False,"{'a': 0.1, 'e': 0.3623577544766734}",20,0,-85.10340324666218,"{0: 16, 1: 1, 2: 0, 3: 1, 4: 2}",0
13,False,"{'a': 0.1, 'e': 0.26749882862458735}",20,0,-12.579635847798464,"{0: 17, 1: 1, 2: 1, 3: 1, 4: 0}",0
14,False,"{'a': 0.1, 'e': 0.16996714290024081}",20,0,-29.03301256311041,"{0: 16, 1: 0, 2: 3, 3: 1, 4: 0}",0
15,False,"{'a': 0.1, 'e': 0.0707372016677029}",30,0,-56.67320351057429,"{0: 26, 1: 2, 2: 0, 3: 0, 4: 2}",0
16,False,"{'a': 0.1, 'e': 0.029199522301288815}",30,0,-28.2614861639471,"{0: 26, 1: 2, 2: 1, 3: 0, 4: 1}",0
17,False,"{'a': 0.1, 'e': 0.12884449429552486}",35,7,11.98035910299364,"{0: 26, 1: 1, 2: 0, 3: 1, 4: 0}",1
18,False,"{'a': 0.1, 'e': 0.2272020946930871}",20,0,-56.142503757363244,"{0: 14, 1: 0, 2: 5, 3: 1, 4: 0}",0
19,False,"{'a': 0.1, 'e': 0.3232895668635036}",35,19,-2.942725918024963,"{0: 13, 1: 2, 2: 1, 3: 0, 4: 0}",1
20,False,"{'a': 0.1, 'e': 0.4161468365471424}",25,0,-24.39830577271932,"{0: 22, 1: 1, 2: 1, 3: 0, 4: 1}",0
21,False,"{'a': 0.1, 'e': 0.5048461045998576}",20,0,-90.03430363056543,"{0: 15, 1: 0, 2: 3, 3: 0, 4: 2}",0
22,False,"{'a': 0.1, 'e': 0.5885011172553458}",30,0,-83.81583496048847,"{0: 20, 1: 3, 2: 6, 3: 0, 4: 1}",0
23,False,"{'a': 0.1, 'e': 0.6662760212798244}",20,1,-43.82120209934718,"{0: 14, 1: 4, 2: 0, 3: 0, 4: 1}",1
24,False,"{'a': 0.1, 'e': 0.7373937155412458}",30,5,-31.306285270108962,"{0: 18, 1: 3, 2: 4, 3: 0, 4: 0}",1
25,False,"{'a': 0.1, 'e': 0.8011436155469337}",20,0,-135.39721946652793,"{0: 13, 1: 0, 2: 3, 3: 2, 4: 2}",0
26,False,"{'a': 0.1, 'e': 0.8568887533689473}",30,0,-153.4918770217989,"{0: 18, 1: 3, 2: 4, 3: 4, 4: 1}",0
27,False,"{'a': 0.1, 'e': 0.9040721420170612}",25,0,-56.58500809037787,"{0: 20, 1: 1, 2: 3, 3: 0, 4: 1}",0
28,False,"{'a': 0.1, 'e': 0.9422223406686583}",25,0,-229.40641541117273,"{0: 13, 1: 5, 2: 2, 3: 0, 4: 5}",0
29,False,"{'a': 0.1, 'e': 0.9709581651495907}",20,0,-80.64681959502917,"{0: 13, 1: 2, 2: 4, 3: 0, 4: 1}",0
30,False,"{'a': 0.1, 'e': 0.9899924966004454}",20,0,-92.51168715714826,"{0: 9, 1: 5, 2: 4, 3: 2, 4: 0}",0
31,False,"{'a': 0.1, 'e': 0.9991351502732795}",25,0,-126.87022426195755,"{0: 11, 1: 6, 2: 7, 3: 0, 4: 1}",0
32,False,"{'a': 0.1, 'e': 0.9982947757947531}",20,0,-121.89117867879418,"{0: 11, 1: 5, 2: 1, 3: 1, 4: 2}",0
33,False,"{'a': 0.1, 'e': 0.9874797699088649}",20,0,-62.792912037067524,"{0: 15, 1: 0, 2: 4, 3: 0, 4: 1}",0
34,False,"{'a': 0.1, 'e': 0.9667981925794609}",20,0,-147.53966905036685,"{0: 13, 1: 1, 2: 2, 3: 1, 4: 3}",0
35,False,"{'a': 0.1, 'e': 0.9364566872907963}",35,11,-141.74676802888013,"{0: 14, 1: 5, 2: 2, 3: 0, 4: 3}",1
36,False,"{'a': 0.1, 'e': 0.896758416334147}",25,1,-56.21197028460712,"{0: 18, 1: 2, 2: 3, 3: 0, 4: 1}",1
37,False,"{'a': 0.1, 'e': 0.848100031710408}",25,0,-62.180834440878876,"{0: 14, 1: 5, 2: 6, 3: 0, 4: 0}",0
38,False,"{'a': 0.1, 'e': 0.7909677119144165}",25,0,-34.15698952236849,"{0: 23, 1: 0, 2: 0, 3: 1, 4: 1}",0
39,False,"{'a': 0.1, 'e': 0.7259323042001399}",20,0,-49.69311346315323,"{0: 12, 1: 3, 2: 5, 3: 0, 4: 0}",0
40,False,"{'a': 0.1, 'e': 0.6536436208636119}",20,1,3.6310208237887562,"{0: 16, 1: 3, 2: 0, 3: 0, 4: 0}",1
41,False,"{'a': 0.1, 'e': 0.5748239465332685}",25,7,-5.675789619658939,"{0: 15, 1: 1, 2: 2, 3: 0, 4: 0}",1
42,False,"{'a': 0.1, 'e': 0.4902608213406994}",30,0,-183.85836659182192,"{0: 21, 1: 2, 2: 2, 3: 1, 4: 4}",0
43,False,"{'a': 0.1, 'e': 0.40079917207997545}",20,0,-45.014452567580854,"{0: 13, 1: 2, 2: 5, 3: 0, 4: 0}",0
44,False,"{'a': 0.1, 'e': 0.30733286997841935}",20,0,-0.8606454027974868,"{0: 18, 1: 1, 2: 0, 3: 1, 4: 0}",0
45,False,"{'a': 0.1, 'e': 0.2107957994307797}",20,0,4.512751311157514,"{0: 18, 1: 1, 2: 1, 3: 0, 4: 0}",0
46,False,"{'a': 0.1, 'e': 0.11215252693505398}",20,0,-16.562637243719465,"{0: 19, 1: 0, 2: 0, 3: 0, 4: 1}",0
47,False,"{'a': 0.1, 'e': 0.01238866346289056}",30,0,9.957422416454666,"{0: 28, 1: 1, 2: 0, 3: 1, 4: 0}",0
48,False,"{'a': 0.1, 'e': 0.08749898343944727}",30,18,20.649674430531476,"{0: 12, 1: 0, 2: 0, 3: 0, 4: 0}",1
49,False,"{'a': 0.1, 'e': 0.18651236942257576}",20,13,3.563601353804879,"{0: 6, 1: 1, 2: 0, 3: 0, 4: 0}",1
50,False,"{'a': 0.1, 'e': 0.28366218546322625}",25,0,-43.36503720376144,"{0: 22, 1: 0, 2: 1, 3: 1, 4: 1}",0
51,False,"{'a': 0.1, 'e': 0.37797774271298107}",20,0,-34.395733381118994,"{0: 17, 1: 0, 2: 2, 3: 0, 4: 1}",0
52,False,"{'a': 0.1, 'e': 0.4685166713003771}",25,14,-6.0293315644815815,"{0: 9, 1: 0, 2: 2, 3: 0, 4: 0}",1
53,False,"{'a': 0.1, 'e': 0.5543743361791615}",20,0,-86.75977394588129,"{0: 15, 1: 2, 2: 1, 3: 0, 4: 2}",0
54,False,"{'a': 0.1, 'e': 0.6346928759426347}",20,0,-104.11669563001695,"{0: 14, 1: 0, 2: 4, 3: 0, 4: 2}",0
55,False,"{'a': 0.1, 'e': 0.70866977429126}",25,0,-128.26716807312664,"{0: 16, 1: 1, 2: 5, 3: 1, 4: 2}",0
56,False,"{'a': 0.1, 'e': 0.7755658785102502}",20,0,-84.59374106280289,"{0: 12, 1: 1, 2: 5, 3: 2, 4: 0}",0
57,False,"{'a': 0.1, 'e': 0.8347127848391598}",20,0,-114.64147339689143,"{0: 12, 1: 3, 2: 3, 3: 0, 4: 2}",0
58,False,"{'a': 0.1, 'e': 0.8855195169413194}",30,0,-131.03865283480192,"{0: 16, 1: 4, 2: 9, 3: 0, 4: 1}",0
59,False,"{'a': 0.1, 'e': 0.9274784307440359}",20,0,-47.146836213578794,"{0: 13, 1: 1, 2: 6, 3: 0, 4: 0}",0
60,False,"{'a': 0.1, 'e': 0.960170286650366}",20,0,-81.30515659376547,"{0: 15, 1: 2, 2: 1, 3: 0, 4: 2}",0
61,False,"{'a': 0.1, 'e': 0.9832684384425847}",20,2,-73.44282726001374,"{0: 12, 1: 1, 2: 3, 3: 1, 4: 1}",1
62,False,"{'a': 0.1, 'e': 0.9965420970232175}",30,2,-138.04235540142045,"{0: 16, 1: 7, 2: 2, 3: 1, 4: 2}",1
63,False,"{'a': 0.1, 'e': 0.9998586363834151}",25,0,-71.1036738809685,"{0: 14, 1: 6, 2: 4, 3: 1, 4: 0}",0
64,False,"{'a': 0.1, 'e': 0.9931849187581926}",25,0,-175.51715387629312,"{0: 14, 1: 2, 2: 6, 3: 0, 4: 3}",0
65,False,"{'a': 0.1, 'e': 0.9765876257280235}",30,0,-121.46046079172856,"{0: 18, 1: 4, 2: 6, 3: 1, 4: 1}",0
66,False,"{'a': 0.1, 'e': 0.9502325919585293}",25,0,-180.67425635121342,"{0: 11, 1: 3, 2: 8, 3: 1, 4: 2}",0
67,False,"{'a': 0.1, 'e': 0.9143831482353194}",25,0,-91.73710073558809,"{0: 17, 1: 2, 2: 4, 3: 1, 4: 1}",0
68,False,"{'a': 0.1, 'e': 0.8693974903498248}",25,0,-143.45120554650273,"{0: 13, 1: 4, 2: 4, 3: 3, 4: 1}",0
69,False,"{'a': 0.1, 'e': 0.8157251001253568}",20,10,-43.15245362848008,"{0: 6, 1: 0, 2: 3, 3: 1, 4: 0}",1
70,False,"{'a': 0.1, 'e': 0.7539022543433046}",25,0,-112.37360415767425,"{0: 16, 1: 1, 2: 5, 3: 2, 4: 1}",0
71,False,"{'a': 0.1, 'e': 0.6845466664428059}",20,0,-87.46443878245849,"{0: 11, 1: 3, 2: 5, 3: 0, 4: 1}",0
72,False,"{'a': 0.1, 'e': 0.6083513145322546}",25,0,-41.73945034687565,"{0: 19, 1: 0, 2: 5, 3: 1, 4: 0}",0
73,False,"{'a': 0.1, 'e': 0.5260775173811045}",25,0,1.3973992548296938,"{0: 22, 1: 1, 2: 2, 3: 0, 4: 0}",0
74,False,"{'a': 0.1, 'e': 0.43854732757439036}",25,4,-58.23848795959249,"{0: 15, 1: 2, 2: 3, 3: 0, 4: 1}",1
75,False,"{'a': 0.1, 'e': 0.3466353178350258}",25,1,17.462350455349124,"{0: 22, 1: 1, 2: 1, 3: 0, 4: 0}",1
76,False,"{'a': 0.1, 'e': 0.25125984258225487}",25,3,-8.667240877007696,"{0: 18, 1: 1, 2: 3, 3: 0, 4: 0}",1
77,False,"{'a': 0.1, 'e': 0.15337386203786435}",20,0,-12.450335167034975,"{0: 17, 1: 0, 2: 3, 3: 0, 4: 0}",0
78,False,"{'a': 0.1, 'e': 0.05395542056264886}",20,7,10.724935767427594,"{0: 12, 1: 0, 2: 1, 3: 0, 4: 0}",1
79,False,"{'a': 0.1, 'e': 0.04600212563953695}",25,2,-52.37916453361197,"{0: 21, 1: 0, 2: 0, 3: 0, 4: 2}",1
80,False,"{'a': 0.1, 'e': 0.14550003380861354}",25,0,-23.926765270714164,"{0: 22, 1: 1, 2: 1, 3: 0, 4: 1}",0
81,False,"{'a': 0.1, 'e': 0.2435441537357911}",25,2,-40.65857385615674,"{0: 19, 1: 2, 2: 0, 3: 1, 4: 1}",1
82,False,"{'a': 0.1, 'e': 0.33915486098383624}",30,0,-34.28404490958313,"{0: 25, 1: 2, 2: 2, 3: 0, 4: 1}",0
83,False,"{'a': 0.1, 'e': 0.4313768449706208}",20,0,-95.1493397154011,"{0: 13, 1: 1, 2: 3, 3: 2, 4: 1}",0
84,False,"{'a': 0.1, 'e': 0.5192886541166856}",25,0,-53.420462454731734,"{0: 17, 1: 6, 2: 1, 3: 0, 4: 1}",0
85,False,"{'a': 0.1, 'e': 0.6020119026848236}",20,0,-56.08386400430959,"{0: 13, 1: 4, 2: 1, 3: 2, 4: 0}",0
86,False,"{'a': 0.1, 'e': 0.6787200473200125}",25,0,-78.94992981091515,"{0: 16, 1: 2, 2: 5, 3: 2, 4: 0}",0
87,False,"{'a': 0.1, 'e': 0.7486466455973999}",20,0,-15.492470893448498,"{0: 16, 1: 1, 2: 3, 3: 0, 4: 0}",0
88,False,"{'a': 0.1, 'e': 0.811093014061656}",20,0,-78.06979824442887,"{0: 15, 1: 3, 2: 0, 3: 0, 4: 2}",0
89,False,"{'a': 0.1, 'e': 0.8654352092411123}",20,3,-6.7571191884852455,"{0: 14, 1: 1, 2: 2, 3: 0, 4: 0}",1
90,False,"{'a': 0.1, 'e': 0.9111302618846769}",25,0,-153.2682946051259,"{0: 12, 1: 1, 2: 10, 3: 1, 4: 1}",0
91,False,"{'a': 0.1, 'e': 0.9477216021311119}",25,0,-36.739279764866865,"{0: 17, 1: 5, 2: 3, 3: 0, 4: 0}",0
92,False,"{'a': 0.1, 'e': 0.974843621404164}",20,0,-29.296350926772675,"{0: 14, 1: 3, 2: 3, 3: 0, 4: 0}",0
93,False,"{'a': 0.1, 'e': 0.9922253254526034}",20,0,-125.1125329600201,"{0: 10, 1: 1, 2: 5, 3: 4, 4: 0}",0
94,False,"{'a': 0.1, 'e': 0.9996930420352065}",20,0,-177.12257525137085,"{0: 13, 1: 1, 2: 1, 3: 1, 4: 4}",0
95,False,"{'a': 0.1, 'e': 0.9971721561963784}",20,0,-155.5320927394248,"{0: 11, 1: 0, 2: 5, 3: 2, 4: 2}",0
96,False,"{'a': 0.1, 'e': 0.9846878557941267}",30,0,-58.463181664585456,"{0: 23, 1: 3, 2: 3, 3: 0, 4: 1}",0
97,False,"{'a': 0.1, 'e': 0.9623648798313097}",20,2,-86.7096110824611,"{0: 9, 1: 0, 2: 8, 3: 1, 4: 0}",1
98,False,"{'a': 0.1, 'e': 0.9304262721047533}",25,0,-135.2601303763924,"{0: 16, 1: 0, 2: 7, 3: 0, 4: 2}",0
99,False,"{'a': 0.1, 'e': 0.8891911526253609}",20,0,-101.43278844870073,"{0: 13, 1: 1, 2: 3, 3: 2, 4: 1}",0
100,False,"{'a': 0.1, 'e': 0.8390715290764524}",20,10,-11.900769820013169,"{0: 8, 1: 1, 2: 0, 3: 1, 4: 0}",1
101,False,"{'a': 0.1, 'e': 0.7805681801691826}",25,10,-11.286815214195473,"{0: 13, 1: 1, 2: 0, 3: 1, 4: 0}",1
102,False,"{'a': 0.1, 'e': 0.7142656520271989}",25,0,-42.12816775754498,"{0: 20, 1: 2, 2: 2, 3: 0, 4: 1}",1
103,False,"{'a': 0.1, 'e': 0.6408264175949933}",20,0,-0.17810820803431016,"{0: 17, 1: 2, 2: 1, 3: 0, 4: 0}",0
104,False,"{'a': 0.1, 'e': 0.5609842574272288}",20,0,-101.54757970701141,"{0: 14, 1: 0, 2: 4, 3: 0, 4: 2}",0
105,False,"{'a': 0.1, 'e': 0.4755369279959925}",20,13,-29.355583718181144,"{0: 4, 1: 1, 2: 1, 3: 1, 4: 0}",1
106,False,"{'a': 0.1, 'e': 0.385338190771828}",25,0,-112.18000702566091,"{0: 20, 1: 1, 2: 0, 3: 1, 4: 3}",0
107,False,"{'a': 0.1, 'e': 0.29128928172134383}",25,5,-4.981930952926533,"{0: 17, 1: 1, 2: 2, 3: 0, 4: 0}",1
108,False,"{'a': 0.1, 'e': 0.1943299064553348}",20,1,-63.33197894241241,"{0: 16, 1: 1, 2: 0, 3: 0, 4: 2}",1
109,False,"{'a': 0.1, 'e': 0.09542885100095065}",35,22,25.852591480247614,"{0: 13, 1: 0, 2: 0, 3: 0, 4: 0}",1
110,False,"{'a': 0.1, 'e': 0.004425697988050785}",25,14,21.41723982618208,"{0: 11, 1: 0, 2: 0, 3: 0, 4: 0}",1
111,False,"{'a': 0.1, 'e': 0.10423602686569865}",20,5,21.92694527649282,"{0: 15, 1: 0, 2: 0, 3: 0, 4: 0}",1
112,False,"{'a': 0.1, 'e': 0.20300486381875213}",20,0,-86.74224250733637,"{0: 16, 1: 1, 2: 0, 3: 1, 4: 2}",0
113,False,"{'a': 0.1, 'e': 0.2997453432770149}",25,6,27.61415895054451,"{0: 19, 1: 0, 2: 0, 3: 0, 4: 0}",1
114,False,"{'a': 0.1, 'e': 0.3934908663478909}",30,0,21.459612538745475,"{0: 28, 1: 0, 2: 2, 3: 0, 4: 0}",0
115,False,"{'a': 0.1, 'e': 0.4833047587530059}",25,6,-22.802156696381385,"{0: 17, 1: 0, 2: 1, 3: 0, 4: 1}",1
116,False,"{'a': 0.1, 'e': 0.568289629767975}",25,0,-120.09710359451014,"{0: 16, 1: 2, 2: 5, 3: 0, 4: 2}",0
117,False,"{'a': 0.1, 'e': 0.6475963386538773}",25,10,-88.8199226567846,"{0: 8, 1: 2, 2: 3, 3: 1, 4: 1}",1
118,False,"{'a': 0.1, 'e': 0.7204324789908387}",25,0,-51.95588633122863,"{0: 21, 1: 0, 2: 2, 3: 1, 4: 1}",0
119,False,"{'a': 0.1, 'e': 0.7860702961410393}",25,0,-33.880491312825704,"{0: 19, 1: 1, 2: 5, 3: 0, 4: 0}",0
120,False,"{'a': 0.1, 'e': 0.8438539587324921}",20,0,-63.09316631124296,"{0: 13, 1: 0, 2: 6, 3: 1, 4: 0}",0
121,False,"{'a': 0.1, 'e': 0.8932061115093233}",20,0,-79.69915522103886,"{0: 16, 1: 0, 2: 2, 3: 0, 4: 2}",0
122,False,"{'a': 0.1, 'e': 0.9336336440746379}",25,0,-81.93283415275074,"{0: 14, 1: 3, 2: 8, 3: 0, 4: 0}",0
123,False,"{'a': 0.1, 'e': 0.9647326178866098}",25,0,-24.22487705322184,"{0: 19, 1: 3, 2: 3, 3: 0, 4: 0}",0
124,False,"{'a': 0.1, 'e': 0.9861923022788637}",25,0,-238.70398713286204,"{0: 13, 1: 1, 2: 5, 3: 2, 4: 4}",0
125,False,"{'a': 0.1, 'e': 0.9977982791785807}",25,0,-136.24197233783545,"{0: 15, 1: 3, 2: 4, 3: 1, 4: 2}",0
126,False,"{'a': 0.1, 'e': 0.9994345855010047}",20,0,-88.79376586486865,"{0: 12, 1: 2, 2: 5, 3: 0, 4: 1}",0
127,False,"{'a': 0.1, 'e': 0.991084871814253}",25,0,-87.22885030805726,"{0: 16, 1: 4, 2: 4, 3: 0, 4: 1}",0
128,False,"{'a': 0.1, 'e': 0.9728325656974354}",25,0,-94.89052298654823,"{0: 14, 1: 1, 2: 9, 3: 1, 4: 0}",0
129,False,"{'a': 0.1, 'e': 0.9448600381598606}",25,1,-152.84827625173648,"{0: 13, 1: 1, 2: 8, 3: 0, 4: 2}",1
130,False,"{'a': 0.1, 'e': 0.9074467814501962}",25,7,-89.33721264105695,"{0: 13, 1: 2, 2: 0, 3: 1, 4: 2}",1
131,False,"{'a': 0.1, 'e': 0.8609666164623057}",20,0,-215.52500191547043,"{0: 11, 1: 1, 2: 2, 3: 2, 4: 4}",0
132,False,"{'a': 0.1, 'e': 0.8058839576404497}",20,0,-104.7904868593717,"{0: 12, 1: 2, 2: 3, 3: 2, 4: 1}",0
133,False,"{'a': 0.1, 'e': 0.7427491727036695}",25,14,-3.3529764179914645,"{0: 8, 1: 2, 2: 1, 3: 0, 4: 0}",1
134,False,"{'a': 0.1, 'e': 0.6721930835534681}",20,0,-74.24133620742151,"{0: 12, 1: 4, 2: 3, 3: 0, 4: 1}",0
135,False,"{'a': 0.1, 'e': 0.594920663309892}",20,0,-15.574557992015313,"{0: 16, 1: 1, 2: 3, 3: 0, 4: 0}",0
136,False,"{'a': 0.1, 'e': 0.5117039924531475}",30,0,-135.54324513552268,"{0: 20, 1: 1, 2: 6, 3: 1, 4: 2}",0
137,False,"{'a': 0.1, 'e': 0.42337454445066386}",30,20,3.4154179436307586,"{0: 8, 1: 2, 2: 0, 3: 0, 4: 0}",1
138,False,"{'a': 0.1, 'e': 0.33081487794904696}",20,7,-12.121068987990347,"{0: 11, 1: 0, 2: 1, 3: 1, 4: 0}",1
139,False,"{'a': 0.1, 'e': 0.23494981853982308}",25,20,10.477065349320425,"{0: 5, 1: 0, 2: 0, 3: 0, 4: 0}",1
140,False,"{'a': 0.1, 'e': 0.1367372182078336}",20,13,-27.273133309151994,"{0: 6, 1: 0, 2: 0, 3: 0, 4: 1}",1
141,False,"{'a': 0.1, 'e': 0.03715838479082463}",25,17,13.56630760441013,"{0: 8, 1: 0, 2: 0, 3: 0, 4: 0}",1
142,False,"{'a': 0.1, 'e': 0.06279172292408354}",35,15,33.24441154176287,"{0: 20, 1: 0, 2: 0, 3: 0, 4: 0}",1
143,False,"{'a': 0.1, 'e': 0.16211443649971827}",25,11,-16.842517578283854,"{0: 13, 1: 0, 2: 0, 3: 0, 4: 1}",1
144,False,"{'a': 0.1, 'e': 0.25981735621375585}",30,15,6.176178009517676,"{0: 13, 1: 0, 2: 2, 3: 0, 4: 0}",1
145,False,"{'a': 0.1, 'e': 0.354924266788705}",25,0,-69.95347805897762,"{0: 19, 1: 0, 2: 5, 3: 0, 4: 1}",0
146,False,"{'a': 0.1, 'e': 0.4464848914122672}",20,9,-45.621511380830846,"{0: 8, 1: 1, 2: 1, 3: 0, 4: 1}",1
147,False,"{'a': 0.1, 'e': 0.5335843865891192}",20,0,-46.170623909743895,"{0: 16, 1: 1, 2: 1, 3: 1, 4: 1}",0
148,False,"{'a': 0.1, 'e': 0.6153524829547208}",20,0,-85.43719956115999,"{0: 13, 1: 2, 2: 3, 3: 1, 4: 1}",0
149,False,"{'a': 0.1, 'e': 0.6909721807191258}",20,0,-66.3445623404919,"{0: 12, 1: 2, 2: 5, 3: 1, 4: 0}",0
150,False,"{'a': 0.1, 'e': 0.7596879128588213}",25,0,-105.26527011111048,"{0: 17, 1: 1, 2: 4, 3: 2, 4: 1}",0
151,False,"{'a': 0.1, 'e': 0.8208130944926693}",25,0,-103.53851447394311,"{0: 15, 1: 5, 2: 3, 3: 1, 4: 1}",0
152,False,"{'a': 0.1, 'e': 0.873736983011081}",20,0,-134.25233533706668,"{0: 11, 1: 3, 2: 3, 3: 1, 4: 2}",0
153,False,"{'a': 0.1, 'e': 0.9179307804142932}",20,0,-169.5582633516238,"{0: 10, 1: 4, 2: 2, 3: 1, 4: 3}",0
154,False,"{'a': 0.1, 'e': 0.9529529168871803}",25,0,-211.1461900040975,"{0: 14, 1: 1, 2: 4, 3: 3, 4: 3}",0
155,False,"{'a': 0.1, 'e': 0.9784534628188842}",25,0,-211.89619059407028,"{0: 11, 1: 4, 2: 6, 3: 1, 4: 3}",0
156,False,"{'a': 0.1, 'e': 0.9941776251838154}",25,0,-54.71226499795074,"{0: 17, 1: 3, 2: 4, 3: 1, 4: 0}",0
157,False,"{'a': 0.1, 'e': 0.9999682933493399}",20,0,-47.27213045526876,"{0: 13, 1: 4, 2: 2, 3: 1, 4: 0}",0
158,False,"{'a': 0.1, 'e': 0.9957676088732885}",20,0,-123.6139686447914,"{0: 12, 1: 1, 2: 5, 3: 0, 4: 2}",0
159,False,"{'a': 0.1, 'e': 0.9816175436063844}",20,0,-50.53293478371499,"{0: 11, 1: 5, 2: 4, 3: 0, 4: 0}",0
160,False,"{'a': 0.1, 'e': 0.9576594803233847}",25,0,-320.33939571235084,"{0: 8, 1: 7, 2: 3, 3: 1, 4: 6}",0
161,False,"{'a': 0.1, 'e': 0.9241328000731296}",20,0,-159.0571476510288,"{0: 9, 1: 2, 2: 6, 3: 1, 4: 2}",0
162,False,"{'a': 0.1, 'e': 0.8813724903622346}",25,0,-205.87553111030118,"{0: 12, 1: 4, 2: 4, 3: 2, 4: 3}",0
163,False,"{'a': 0.1, 'e': 0.8298057980706491}",20,0,-108.54275849353638,"{0: 15, 1: 0, 2: 1, 3: 2, 4: 2}",0
164,False,"{'a': 0.1, 'e': 0.7699479605420695}",25,0,-99.38719700787651,"{0: 19, 1: 0, 2: 4, 3: 0, 4: 2}",0
165,False,"{'a': 0.1, 'e': 0.7023970575027135}",20,0,3.8383215915410354,"{0: 18, 1: 0, 2: 2, 3: 0, 4: 0}",0
166,False,"{'a': 0.1, 'e': 0.627828035246386}",25,0,-25.9063971269667,"{0: 19, 1: 4, 2: 1, 3: 1, 4: 0}",0
167,False,"{'a': 0.1, 'e': 0.5469859627942356}",20,0,-7.571932128076297,"{0: 17, 1: 1, 2: 1, 3: 1, 4: 0}",0
168,False,"{'a': 0.1, 'e': 0.46067858741136253}",20,9,2.066050767554815,"{0: 9, 1: 2, 2: 0, 3: 0, 4: 0}",1
169,False,"{'a': 0.1, 'e': 0.3697682638631698}",25,0,-54.53830750369944,"{0: 20, 1: 1, 2: 2, 3: 1, 4: 1}",0
170,False,"{'a': 0.1, 'e': 0.27516333805159693}",25,7,-25.450330183695257,"{0: 16, 1: 0, 2: 1, 3: 0, 4: 1}",1
171,False,"{'a': 0.1, 'e': 0.17780907112311564}",20,0,4.631081947664661,"{0: 18, 1: 0, 2: 2, 3: 0, 4: 0}",0
172,False,"{'a': 0.1, 'e': 0.07867819473184015}",30,22,5.656226338072837,"{0: 7, 1: 1, 2: 0, 3: 0, 4: 0}",1
173,False,"{'a': 0.1, 'e': 0.021238808173646012}",20,3,26.173211588062454,"{0: 17, 1: 0, 2: 0, 3: 0, 4: 0}",1
174,False,"{'a': 0.1, 'e': 0.12094359992847767}",20,11,-14.715095331061214,"{0: 7, 1: 1, 2: 0, 3: 1, 4: 0}",1
175,False,"{'a': 0.1, 'e': 0.2194399632114593}",20,9,6.242494942725147,"{0: 10, 1: 0, 2: 1, 3: 0, 4: 0}",1
176,False,"{'a': 0.1, 'e': 0.31574375491924334}",20,7,-35.94009280568066,"{0: 11, 1: 0, 2: 1, 3: 0, 4: 1}",1
177,False,"{'a': 0.1, 'e': 0.4088927393988798}",20,1,-38.78757117574517,"{0: 15, 1: 0, 2: 2, 3: 2, 4: 0}",1
178,False,"{'a': 0.1, 'e': 0.49795620278841546}",25,0,-49.32615246033535,"{0: 19, 1: 3, 2: 2, 3: 0, 4: 1}",0
179,False,"{'a': 0.1, 'e': 0.5820442524021253}",30,19,-16.650222541841625,"{0: 8, 1: 0, 2: 3, 3: 0, 4: 0}",1
180,False,"{'a': 0.1, 'e': 0.6603167082440802}",20,0,-141.89028182500635,"{0: 13, 1: 1, 2: 3, 3: 0, 4: 3}",0
181,False,"{'a': 0.1, 'e': 0.7319914978089467}",30,1,-110.8465805736209,"{0: 21, 1: 3, 2: 2, 3: 1, 4: 2}",1
182,False,"{'a': 0.1, 'e': 0.7963524702919231}",20,0,-111.46002696937163,"{0: 11, 1: 2, 2: 4, 3: 2, 4: 1}",0
183,False,"{'a': 0.1, 'e': 0.8527565521308732}",25,0,-110.1076251426462,"{0: 16, 1: 0, 2: 7, 3: 1, 4: 1}",0
184,False,"{'a': 0.1, 'e': 0.90064017238477}",25,0,-92.24445762409651,"{0: 16, 1: 3, 2: 4, 3: 1, 4: 1}",0
185,False,"{'a': 0.1, 'e': 0.939524893748256}",20,0,-123.85346367927188,"{0: 11, 1: 1, 2: 5, 3: 2, 4: 1}",0
186,False,"{'a': 0.1, 'e': 0.9690221929390499}",20,0,-79.60582557835347,"{0: 13, 1: 2, 2: 3, 3: 1, 4: 1}",0
187,False,"{'a': 0.1, 'e': 0.9888373426941459}",20,5,-16.840304601315786,"{0: 11, 1: 2, 2: 2, 3: 0, 4: 0}",1
188,False,"{'a': 0.1, 'e': 0.9987723565872102}",30,0,-122.05849703117359,"{0: 19, 1: 2, 2: 7, 3: 1, 4: 1}",0
189,False,"{'a': 0.1, 'e': 0.9987279672435014}",20,0,-103.85084590427672,"{0: 13, 1: 0, 2: 4, 3: 2, 4: 1}",0
190,False,"{'a': 0.1, 'e': 0.9887046181866692}",30,0,-179.26020517856188,"{0: 15, 1: 3, 2: 10, 3: 0, 4: 2}",0
191,False,"{'a': 0.1, 'e': 0.9688024594072101}",20,0,-64.19007915280672,"{0: 15, 1: 0, 2: 4, 3: 0, 4: 1}",0
192,False,"{'a': 0.1, 'e': 0.9392203466968696}",20,14,-11.30976473041258,"{0: 4, 1: 0, 2: 2, 3: 0, 4: 0}",1
193,False,"{'a': 0.1, 'e': 0.9002538547473045}",25,0,-41.37948363212007,"{0: 18, 1: 1, 2: 6, 3: 0, 4: 0}",0
194,False,"{'a': 0.1, 'e': 0.8522923238654625}",20,0,-82.8257994216615,"{0: 15, 1: 1, 2: 2, 3: 0, 4: 2}",0
195,False,"{'a': 0.1, 'e': 0.7958149698139441}",30,12,-42.969434299283,"{0: 14, 1: 1, 2: 2, 3: 0, 4: 1}",1
196,False,"{'a': 0.1, 'e': 0.7313860956454967}",20,0,-44.56500364395583,"{0: 14, 1: 1, 2: 4, 3: 1, 4: 0}",0
197,False,"{'a': 0.1, 'e': 0.6596494533734593}",30,1,-45.24663303238436,"{0: 21, 1: 2, 2: 5, 3: 1, 4: 0}",1
198,False,"{'a': 0.1, 'e': 0.5813218118144357}",20,0,-118.00607880061804,"{0: 13, 1: 1, 2: 3, 3: 1, 4: 2}",0
199,False,"{'a': 0.1, 'e': 0.4971857948712022}",20,0,-33.45411653694197,"{0: 17, 1: 0, 2: 2, 3: 0, 4: 1}",0
200,False,"{'a': 0.1, 'e': 0.40808206181339196}",20,0,-18.147219688966608,"{0: 16, 1: 0, 2: 4, 3: 0, 4: 0}",0
201,False,"{'a': 0.1, 'e': 0.3149009076879342}",25,3,-24.82396391334896,"{0: 16, 1: 3, 2: 3, 3: 0, 4: 0}",1
202,False,"{'a': 0.1, 'e': 0.21857336778525918}",25,3,-4.425775173593861,"{0: 19, 1: 1, 2: 1, 3: 1, 4: 0}",1
203,False,"{'a': 0.1, 'e': 0.12006191504242673}",20,16,6.9411905880838844,"{0: 4, 1: 0, 2: 0, 3: 0, 4: 0}",1
204,False,"{'a': 0.1, 'e': 0.02035084333167943}",25,17,11.781954500901527,"{0: 8, 1: 0, 2: 0, 3: 0, 4: 0}",1
205,False,"{'a': 0.1, 'e': 0.07956356727854007}",35,25,23.166643388826742,"{0: 10, 1: 0, 2: 0, 3: 0, 4: 0}",1
206,False,"{'a': 0.1, 'e': 0.17868300502473455}",25,13,22.423647840650965,"{0: 12, 1: 0, 2: 0, 3: 0, 4: 0}",1
207,False,"{'a': 0.1, 'e': 0.2760171012494705}",30,12,32.771053761069446,"{0: 18, 1: 0, 2: 0, 3: 0, 4: 0}",1
208,False,"{'a': 0.1, 'e': 0.37059332583764143}",25,0,-41.621752746528685,"{0: 20, 1: 1, 2: 2, 3: 2, 4: 0}",0
209,False,"{'a': 0.1, 'e': 0.46146670441591253}",25,0,-10.388100163758835,"{0: 23, 1: 1, 2: 0, 3: 0, 4: 1}",0
210,False,"{'a': 0.1, 'e': 0.5477292602242684}",35,5,-132.25418515534096,"{0: 18, 1: 1, 2: 9, 3: 1, 4: 1}",1
211,False,"{'a': 0.1, 'e': 0.628519086319688}",30,0,-115.70132774132627,"{0: 18, 1: 4, 2: 6, 3: 1, 4: 1}",0
212,False,"{'a': 0.1, 'e': 0.7030289574653885}",30,12,-70.64167082660694,"{0: 12, 1: 0, 2: 5, 3: 0, 4: 1}",1
213,False,"{'a': 0.1, 'e': 0.7705143956585688}",25,6,-44.53562283846287,"{0: 14, 1: 2, 2: 2, 3: 0, 4: 1}",1
214,False,"{'a': 0.1, 'e': 0.8303011087085271}",20,0,-39.6372633785963,"{0: 13, 1: 3, 2: 4, 3: 0, 4: 0}",0
215,False,"{'a': 0.1, 'e': 0.8817917275413242}",25,0,-128.16364448870635,"{0: 12, 1: 4, 2: 8, 3: 0, 4: 1}",0
216,False,"{'a': 0.1, 'e': 0.9244717749141217}",25,15,-47.64018068043297,"{0: 7, 1: 0, 2: 2, 3: 0, 4: 1}",1
217,False,"{'a': 0.1, 'e': 0.9579148059017166}",20,0,-81.99432236460012,"{0: 9, 1: 5, 2: 5, 3: 1, 4: 0}",0
218,False,"{'a': 0.1, 'e': 0.9817866687932767}",30,0,-100.68673370482763,"{0: 19, 1: 3, 2: 7, 3: 0, 4: 1}",0
219,False,"{'a': 0.1, 'e': 0.9958488438257798}",25,0,-91.44382274916887,"{0: 14, 1: 6, 2: 2, 3: 3, 4: 0}",0
220,False,"{'a': 0.1, 'e': 0.9999608263946371}",30,0,-188.74706767338324,"{0: 16, 1: 5, 2: 6, 3: 0, 4: 3}",0
221,False,"{'a': 0.1, 'e': 0.9940815309292618}",30,0,-172.57784206724872,"{0: 21, 1: 1, 2: 4, 3: 1, 4: 3}",0
222,False,"{'a': 0.1, 'e': 0.9782697014065067}",20,0,-98.69270112194347,"{0: 14, 1: 1, 2: 3, 3: 0, 4: 2}",0
223,False,"{'a': 0.1, 'e': 0.9526833244002685}",20,0,-125.05792137610135,"{0: 12, 1: 1, 2: 4, 3: 1, 4: 2}",0
224,False,"{'a': 0.1, 'e': 0.9175780505318598}",25,0,-90.59896656805287,"{0: 14, 1: 3, 2: 7, 3: 1, 4: 0}",0
225,False,"{'a': 0.1, 'e': 0.8733046400935156}",25,0,-116.5972544500142,"{0: 15, 1: 2, 2: 6, 3: 1, 4: 1}",0
226,False,"{'a': 0.1, 'e': 0.820305458367489}",20,0,-44.63549310594533,"{0: 15, 1: 1, 2: 2, 3: 2, 4: 0}",0
227,False,"{'a': 0.1, 'e': 0.7591100556583875}",20,0,-19.965781011407312,"{0: 15, 1: 2, 2: 3, 3: 0, 4: 0}",0
228,False,"{'a': 0.1, 'e': 0.6903298762015725}",30,0,-215.47070887129,"{0: 14, 1: 4, 2: 7, 3: 3, 4: 2}",0
229,False,"{'a': 0.1, 'e': 0.6146521488144671}",25,0,-112.20052693654995,"{0: 18, 1: 3, 2: 0, 3: 2, 4: 2}",0
230,False,"{'a': 0.1, 'e': 0.5328330203333975}",25,4,-9.786128459380372,"{0: 18, 1: 0, 2: 2, 3: 1, 4: 0}",1
231,False,"{'a': 0.1, 'e': 0.44569000044433316}",30,0,-55.04383055719118,"{0: 22, 1: 2, 2: 5, 3: 1, 4: 0}",0
232,False,"{'a': 0.1, 'e': 0.3540937933963556}",20,3,-37.88846808938881,"{0: 14, 1: 0, 2: 2, 3: 0, 4: 1}",1
233,False,"{'a': 0.1, 'e': 0.2589595982126113}",20,13,-7.749760758438701,"{0: 6, 1: 0, 2: 0, 3: 1, 4: 0}",1
234,False,"{'a': 0.1, 'e': 0.16123796432418536}",20,10,18.46238212765221,"{0: 10, 1: 0, 2: 0, 3: 0, 4: 0}",1
235,False,"{'a': 0.1, 'e': 0.061905293994420546}",20,11,2.66053799757437,"{0: 8, 1: 0, 2: 1, 3: 0, 4: 0}",1
236,False,"{'a': 0.1, 'e': 0.03804591356977048}",20,13,14.474578005814973,"{0: 7, 1: 0, 2: 0, 3: 0, 4: 0}",1
237,False,"{'a': 0.1, 'e': 0.13761697894187933}",25,17,3.8211056743933707,"{0: 7, 1: 0, 2: 1, 3: 0, 4: 0}",1
238,False,"{'a': 0.1, 'e': 0.2358130209505226}",20,12,13.712771915336809,"{0: 8, 1: 0, 2: 0, 3: 0, 4: 0}",1
239,False,"{'a': 0.1, 'e': 0.3316528972032528}",30,20,-23.50352686184303,"{0: 9, 1: 0, 2: 0, 3: 0, 4: 1}",1
240,False,"{'a': 0.1, 'e': 0.424179007336997}",35,0,-69.26335052215217,"{0: 28, 1: 1, 2: 4, 3: 1, 4: 1}",0
241,False,"{'a': 0.1, 'e': 0.5124668610443709}",20,9,-12.086815793150002,"{0: 8, 1: 1, 2: 2, 3: 0, 4: 0}",1
242,False,"{'a': 0.1, 'e': 0.5956343152752115}",20,6,-56.15553585420007,"{0: 10, 1: 0, 2: 3, 3: 0, 4: 1}",1
243,False,"{'a': 0.1, 'e': 0.6728503883183468}",25,8,-12.480362753938827,"{0: 13, 1: 1, 2: 3, 3: 0, 4: 0}",1
244,False,"{'a': 0.1, 'e': 0.7433435626961754}",20,0,-107.9633978299916,"{0: 9, 1: 4, 2: 6, 3: 0, 4: 1}",0
245,False,"{'a': 0.1, 'e': 0.8064094939122546}",25,0,-111.61377862514566,"{0: 15, 1: 2, 2: 6, 3: 1, 4: 1}",0
246,False,"{'a': 0.1, 'e': 0.8614180480287028}",20,0,-36.58649767507739,"{0: 14, 1: 0, 2: 6, 3: 0, 4: 0}",0
247,False,"{'a': 0.1, 'e': 0.9078195977561968}",25,0,-139.043923388076,"{0: 13, 1: 1, 2: 9, 3: 1, 4: 1}",0
248,False,"{'a': 0.1, 'e': 0.9451505141481711}",30,0,-206.86862614594452,"{0: 18, 1: 2, 2: 6, 3: 0, 4: 4}",0
249,False,"{'a': 0.1, 'e': 0.9730377990280002}",20,0,-98.65906999523672,"{0: 11, 1: 1, 2: 7, 3: 0, 4: 1}",0
250,False,"{'a': 0.1, 'e': 0.9912028118634736}",20,0,-157.26916537870238,"{0: 12, 1: 0, 2: 5, 3: 0, 4: 3}",0
251,False,"{'a': 0.1, 'e': 0.9994640538508954}",20,0,-106.17657121152263,"{0: 11, 1: 2, 2: 5, 3: 1, 4: 1}",0
252,False,"{'a': 0.1, 'e': 0.9977389813911302}",25,0,-135.41733904390708,"{0: 15, 1: 4, 2: 3, 3: 1, 4: 2}",0
253,False,"{'a': 0.1, 'e': 0.9860448308379632}",20,0,-35.61062100042482,"{0: 14, 1: 4, 2: 1, 3: 1, 4: 0}",0
254,False,"{'a': 0.1, 'e': 0.9644984462781486}",25,0,-163.90656872141648,"{0: 12, 1: 2, 2: 9, 3: 0, 4: 2}",0
255,False,"{'a': 0.1, 'e': 0.933315112063922}",25,0,-105.15667322780982,"{0: 15, 1: 2, 2: 7, 3: 0, 4: 1}",0
256,False,"{'a': 0.1, 'e': 0.8928064017629097}",25,3,-165.35360663191727,"{0: 12, 1: 2, 2: 5, 3: 0, 4: 3}",1
257,False,"{'a': 0.1, 'e': 0.8433770650180411}",30,0,-157.31454212434014,"{0: 16, 1: 5, 2: 7, 3: 0, 4: 2}",0
258,False,"{'a': 0.1, 'e': 0.7855209834229068}",20,2,-53.045445143736735,"{0: 14, 1: 0, 2: 3, 3: 0, 4: 1}",1
259,False,"{'a': 0.1, 'e': 0.7198162358201232}",20,14,7.340365724803126,"{0: 6, 1: 0, 2: 0, 3: 0, 4: 0}",1
260,False,"{'a': 0.1, 'e': 0.6469193223286404}",25,0,-45.14103629488382,"{0: 19, 1: 0, 2: 5, 3: 1, 4: 0}",0
261,False,"{'a': 0.1, 'e': 0.5675586048115439}",25,18,9.937975479619992,"{0: 7, 1: 0, 2: 0, 3: 0, 4: 0}",1
262,False,"{'a': 0.1, 'e': 0.48252702932510166}",25,0,-36.827148536645666,"{0: 18, 1: 2, 2: 5, 3: 0, 4: 0}",0
263,False,"{'a': 0.1, 'e': 0.3926742032638758}",20,0,-70.52550147474946,"{0: 16, 1: 0, 2: 1, 3: 2, 4: 1}",0
264,False,"{'a': 0.1, 'e': 0.2988979063644682}",20,10,15.852103747046252,"{0: 10, 1: 0, 2: 0, 3: 0, 4: 0}",1
265,False,"{'a': 0.1, 'e': 0.20213512038718198}",20,9,-8.414656242481417,"{0: 8, 1: 2, 2: 1, 3: 0, 4: 0}",1
266,False,"{'a': 0.1, 'e': 0.10335266710397087}",20,10,5.37657883513239,"{0: 9, 1: 0, 2: 1, 3: 0, 4: 0}",1
267,False,"{'a': 0.1, 'e': 0.003537548134906392}",20,8,27.32542814724878,"{0: 12, 1: 0, 2: 0, 3: 0, 4: 0}",1
268,False,"{'a': 0.1, 'e': 0.09631291684576058}",30,21,17.157712385827857,"{0: 9, 1: 0, 2: 0, 3: 0, 4: 0}",1
269,False,"{'a': 0.1, 'e': 0.19520105499812576}",25,15,19.278860251379722,"{0: 10, 1: 0, 2: 0, 3: 0, 4: 0}",1
270,False,"{'a': 0.1, 'e': 0.2921388087338362}",20,6,-29.511547538271852,"{0: 12, 1: 0, 2: 1, 3: 0, 4: 1}",1
271,False,"{'a': 0.1, 'e': 0.38615760806093263}",25,0,-43.027109081940985,"{0: 20, 1: 2, 2: 2, 3: 0, 4: 1}",0
272,False,"{'a': 0.1, 'e': 0.4763180482150184}",20,0,-8.113693271413933,"{0: 18, 1: 1, 2: 0, 3: 1, 4: 0}",0
273,False,"{'a': 0.1, 'e': 0.5617192758811498}",20,0,-16.554803387382773,"{0: 16, 1: 1, 2: 2, 3: 1, 4: 0}",0
274,False,"{'a': 0.1, 'e': 0.6415079902223857}",25,0,-184.94831974088478,"{0: 16, 1: 1, 2: 4, 3: 0, 4: 4}",0
275,False,"{'a': 0.1, 'e': 0.7148869687796651}",25,10,-135.93425187477555,"{0: 10, 1: 0, 2: 1, 3: 1, 4: 3}",1
276,False,"{'a': 0.1, 'e': 0.7811230330551143}",30,0,-3.787946122973515,"{0: 25, 1: 4, 2: 1, 3: 0, 4: 0}",0
277,False,"{'a': 0.1, 'e': 0.8395543741892222}",25,0,-141.79663767678193,"{0: 13, 1: 4, 2: 6, 3: 0, 4: 2}",0
278,False,"{'a': 0.1, 'e': 0.8895971655362084}",25,0,-98.21557183764085,"{0: 16, 1: 4, 2: 3, 3: 1, 4: 1}",0
279,False,"{'a': 0.1, 'e': 0.9307513960668851}",25,0,-166.30645554013088,"{0: 11, 1: 5, 2: 7, 3: 0, 4: 2}",0
280,False,"{'a': 0.1, 'e': 0.9626058663135666}",25,0,-163.49240398336508,"{0: 14, 1: 0, 2: 8, 3: 1, 4: 2}",0
281,False,"{'a': 0.1, 'e': 0.9848422969392383}",25,0,-137.48826751824467,"{0: 13, 1: 3, 2: 6, 3: 2, 4: 1}",0
282,False,"{'a': 0.1, 'e': 0.9972385088794741}",30,0,-77.05152757524372,"{0: 21, 1: 5, 2: 2, 3: 1, 4: 1}",0
283,False,"{'a': 0.1, 'e': 0.9996706432822098}",20,9,-9.11980978906167,"{0: 8, 1: 2, 2: 1, 3: 0, 4: 0}",1
284,False,"{'a': 0.1, 'e': 0.9921143990644502}",20,12,-19.879707559163112,"{0: 6, 1: 0, 2: 1, 3: 1, 4: 0}",1
285,False,"{'a': 0.1, 'e': 0.9746452757206577}",25,0,-50.04457219067939,"{0: 16, 1: 4, 2: 5, 3: 0, 4: 0}",0
286,False,"{'a': 0.1, 'e': 0.9474378189567576}",20,0,-59.726709701927156,"{0: 15, 1: 1, 2: 3, 3: 0, 4: 1}",0
287,False,"{'a': 0.1, 'e': 0.9107638766871459}",30,0,-80.74906732023132,"{0: 19, 1: 2, 2: 8, 3: 1, 4: 0}",0
288,False,"{'a': 0.1, 'e': 0.8649898828201886}",20,1,-16.706209857997205,"{0: 14, 1: 4, 2: 1, 3: 0, 4: 0}",1
289,False,"{'a': 0.1, 'e': 0.8105731959717306}",20,0,-92.79855259613291,"{0: 15, 1: 0, 2: 3, 3: 0, 4: 2}",0
290,False,"{'a': 0.1, 'e': 0.7480575296890003}",30,0,-291.94131831131597,"{0: 16, 1: 6, 2: 1, 3: 0, 4: 7}",0
291,False,"{'a': 0.1, 'e': 0.6780675198445586}",20,0,-129.62206620805395,"{0: 11, 1: 4, 2: 2, 3: 1, 4: 2}",0
292,False,"{'a': 0.1, 'e': 0.6013024834811519}",25,5,-48.98444245287132,"{0: 15, 1: 1, 2: 3, 3: 0, 4: 1}",1
293,False,"{'a': 0.1, 'e': 0.5185294314669792}",20,0,-34.766524072370196,"{0: 17, 1: 1, 2: 1, 3: 0, 4: 1}",0
294,False,"{'a': 0.1, 'e': 0.43057540477662676}",20,0,-54.52052874599459,"{0: 15, 1: 2, 2: 1, 3: 1, 4: 1}",0
295,False,"{'a': 0.1, 'e': 0.3383192109710552}",20,4,25.65929800370973,"{0: 16, 1: 0, 2: 0, 3: 0, 4: 0}",1
296,False,"{'a': 0.1, 'e': 0.24268264344292018}",30,6,-9.984719332678523,"{0: 20, 1: 1, 2: 3, 3: 0, 4: 0}",1
297,False,"{'a': 0.1, 'e': 0.14462127116171977}",25,16,17.0393502414805,"{0: 9, 1: 0, 2: 0, 3: 0, 4: 0}",1
298,False,"{'a': 0.1, 'e': 0.04511489094451135}",30,19,19.35732330463772,"{0: 11, 1: 0, 2: 0, 3: 0, 4: 0}",1
299,False,"{'a': 0.1, 'e': 0.054842262350017955}",20,14,10.256786254473585,"{0: 6, 1: 0, 2: 0, 3: 0, 4: 0}",1
300,False,"{'a': 0.1, 'e': 0.15425144988758405}",20,2,17.84835576390326,"{0: 16, 1: 1, 2: 1, 3: 0, 4: 0}",1
301,False,"{'a': 0.1, 'e': 0.2521194079266271}",25,15,-11.352412635410495,"{0: 8, 1: 0, 2: 1, 3: 1, 4: 0}",1
302,False,"{'a': 0.1, 'e': 0.34746827218126325}",25,9,-46.64861079524396,"{0: 12, 1: 1, 2: 2, 3: 0, 4: 1}",1
303,False,"{'a': 0.1, 'e': 0.43934534831800104}",25,17,3.4012505818445105,"{0: 7, 1: 0, 2: 1, 3: 0, 4: 0}",1
304,False,"{'a': 0.1, 'e': 0.5268326309626121}",25,0,-75.75622182190179,"{0: 20, 1: 1, 2: 2, 3: 0, 4: 2}",0
305,False,"{'a': 0.1, 'e': 0.6090559761063562}",25,12,1.0716943856150805,"{0: 10, 1: 2, 2: 1, 3: 0, 4: 0}",1
306,False,"{'a': 0.1, 'e': 0.6851938352639869}",25,1,-93.42547402498009,"{0: 15, 1: 0, 2: 8, 3: 0, 4: 1}",1
307,False,"{'a': 0.1, 'e': 0.7544854641146285}",20,1,-11.183514599069111,"{0: 15, 1: 2, 2: 2, 3: 0, 4: 0}",1
308,False,"{'a': 0.1, 'e': 0.8162385236075703}",20,0,-36.63826066619483,"{0: 15, 1: 2, 2: 2, 3: 1, 4: 0}",0
309,False,"{'a': 0.1, 'e': 0.8698359975852109}",25,0,-70.90764774032945,"{0: 17, 1: 4, 2: 3, 3: 0, 4: 1}",0
310,False,"{'a': 0.1, 'e': 0.9147423578045313}",35,0,-124.87430752844514,"{0: 20, 1: 5, 2: 9, 3: 0, 4: 1}",0
311,False,"{'a': 0.1, 'e': 0.9505089147582922}",20,0,-69.83223599547411,"{0: 14, 1: 3, 2: 1, 3: 1, 4: 1}",0
312,False,"{'a': 0.1, 'e': 0.9767783008322618}",25,0,-67.79487381763762,"{0: 16, 1: 2, 2: 6, 3: 1, 4: 0}",0
313,False,"{'a': 0.1, 'e': 0.9932880410042931}",20,2,-102.762106224763,"{0: 11, 1: 3, 2: 2, 3: 0, 4: 2}",1
314,False,"{'a': 0.1, 'e': 0.9998731754079828}",20,13,-33.41064526376884,"{0: 6, 1: 0, 2: 0, 3: 0, 4: 1}",1
315,False,"{'a': 0.1, 'e': 0.9964679075571249}",20,3,-136.07892985576026,"{0: 9, 1: 0, 2: 5, 3: 1, 4: 2}",1
316,False,"{'a': 0.1, 'e': 0.983106261762453}",25,0,-129.564265693275,"{0: 15, 1: 3, 2: 5, 3: 0, 4: 2}",0
317,False,"{'a': 0.1, 'e': 0.9599217431719744}",35,0,-97.99132242114045,"{0: 24, 1: 3, 2: 6, 3: 2, 4: 0}",0
318,False,"{'a': 0.1, 'e': 0.9271460038316639}",30,0,-197.02819073996594,"{0: 15, 1: 5, 2: 7, 3: 0, 4: 3}",0
319,False,"{'a': 0.1, 'e': 0.8851065280947882}",25,0,-104.50959206268982,"{0: 16, 1: 1, 2: 6, 3: 1, 4: 1}",0
320,False,"{'a': 0.1, 'e': 0.8342233605065102}",25,0,-94.23503562485861,"{0: 16, 1: 3, 2: 4, 3: 1, 4: 1}",0
321,False,"{'a': 0.1, 'e': 0.7750049088576295}",20,0,-90.83321315269438,"{0: 12, 1: 3, 2: 3, 3: 1, 4: 1}",0
322,False,"{'a': 0.1, 'e': 0.7080428643420057}",25,13,-100.23661317961616,"{0: 6, 1: 2, 2: 2, 3: 0, 4: 2}",1
323,False,"{'a': 0.1, 'e': 0.63400628957373}",25,0,-59.31370734596717,"{0: 16, 1: 3, 2: 6, 3: 0, 4: 0}",0
324,False,"{'a': 0.1, 'e': 0.553634933534655}",20,0,-66.89542553128486,"{0: 16, 1: 0, 2: 1, 3: 2, 4: 1}",0
325,False,"{'a': 0.1, 'e': 0.4677318402470736}",20,0,-50.736776933867404,"{0: 16, 1: 0, 2: 3, 3: 0, 4: 1}",0
326,False,"{'a': 0.1, 'e': 0.37715532502333365}",30,0,-68.97500246751923,"{0: 24, 1: 0, 2: 4, 3: 1, 4: 1}",0
327,False,"{'a': 0.1, 'e': 0.28281039846293554}",20,14,-2.012739864889566,"{0: 5, 1: 0, 2: 1, 3: 0, 4: 0}",1
328,False,"{'a': 0.1, 'e': 0.18563972388578434}",20,14,11.428097402413794,"{0: 6, 1: 0, 2: 0, 3: 0, 4: 0}",1
329,False,"{'a': 0.1, 'e': 0.08661419855190752}",20,11,13.955437292261243,"{0: 9, 1: 0, 2: 0, 3: 0, 4: 0}",1
330,False,"{'a': 0.1, 'e': 0.013276747223059479}",25,7,27.872752715014833,"{0: 18, 1: 0, 2: 0, 3: 0, 4: 0}",1
331,False,"{'a': 0.1, 'e': 0.1130350361284828}",20,12,15.325836523761602,"{0: 8, 1: 0, 2: 0, 3: 0, 4: 0}",1
332,False,"{'a': 0.1, 'e': 0.2116639163173255}",20,8,19.76668646110286,"{0: 12, 1: 0, 2: 0, 3: 0, 4: 0}",1
333,False,"{'a': 0.1, 'e': 0.3081779206211139}",20,0,-20.52271372728804,"{0: 16, 1: 0, 2: 4, 3: 0, 4: 0}",0
334,False,"{'a': 0.1, 'e': 0.4016127130121261}",25,18,-1.079283287679151,"{0: 6, 1: 0, 2: 1, 3: 0, 4: 0}",1
335,False,"{'a': 0.1, 'e': 0.49103472393024045}",20,0,-17.43540926403711,"{0: 17, 1: 0, 2: 2, 3: 1, 4: 0}",0
336,False,"{'a': 0.1, 'e': 0.5755504782013432}",20,3,-78.8073361923645,"{0: 10, 1: 2, 2: 4, 3: 0, 4: 1}",1
337,False,"{'a': 0.1, 'e': 0.6543155223459516}",25,0,-147.56542129243888,"{0: 14, 1: 1, 2: 6, 3: 3, 4: 1}",0
338,False,"{'a': 0.1, 'e': 0.7265428620792345}",20,0,-113.89588180898843,"{0: 10, 1: 4, 2: 3, 3: 2, 4: 1}",0
339,False,"{'a': 0.1, 'e': 0.7915108256977569}",20,0,-69.85831346831802,"{0: 13, 1: 1, 2: 4, 3: 2, 4: 0}",0
340,False,"{'a': 0.1, 'e': 0.8485702747846052}",20,0,-103.83101089392123,"{0: 13, 1: 2, 2: 3, 3: 0, 4: 2}",0
341,False,"{'a': 0.1, 'e': 0.897151090185845}",20,0,-32.27370564722815,"{0: 15, 1: 2, 2: 2, 3: 1, 4: 0}",0
342,False,"{'a': 0.1, 'e': 0.9367678684526696}",20,0,-90.23446814420406,"{0: 12, 1: 2, 2: 5, 3: 0, 4: 1}",0
343,False,"{'a': 0.1, 'e': 0.9670247718322027}",20,0,-75.87186458325128,"{0: 14, 1: 2, 2: 2, 3: 1, 4: 1}",0
344,False,"{'a': 0.1, 'e': 0.9876194833474773}",25,5,-45.52629856114503,"{0: 12, 1: 3, 2: 5, 3: 0, 4: 0}",1
345,False,"{'a': 0.1, 'e': 0.9983462274487422}",20,0,-83.67546379875273,"{0: 11, 1: 5, 2: 3, 3: 0, 4: 1}",0
346,False,"{'a': 0.1, 'e': 0.9990978260547261}",30,0,-110.06702563181766,"{0: 19, 1: 2, 2: 8, 3: 0, 4: 1}",0
347,False,"{'a': 0.1, 'e': 0.9898667694406034}",25,0,-167.79405802430952,"{0: 16, 1: 2, 2: 3, 3: 1, 4: 3}",0
348,False,"{'a': 0.1, 'e': 0.9707452912726807}",20,0,-106.75134037063471,"{0: 14, 1: 0, 2: 4, 3: 0, 4: 2}",0
349,False,"{'a': 0.1, 'e': 0.941924447040094}",20,0,-56.06755278602809,"{0: 13, 1: 1, 2: 5, 3: 1, 4: 0}",0
350,False,"{'a': 0.1, 'e': 0.9036922050915067}",25,8,-60.92391659150745,"{0: 11, 1: 2, 2: 3, 3: 0, 4: 1}",1
351,False,"{'a': 0.1, 'e': 0.856430569350572}",20,0,-54.47048305404834,"{0: 13, 1: 1, 2: 5, 3: 1, 4: 0}",0
352,False,"{'a': 0.1, 'e': 0.8006117624589936}",25,10,-92.78777761370421,"{0: 9, 1: 1, 2: 2, 3: 2, 4: 1}",1
353,False,"{'a': 0.1, 'e': 0.7367935074839876}",20,0,-29.422970749300738,"{0: 15, 1: 2, 2: 2, 3: 1, 4: 0}",0
354,False,"{'a': 0.1, 'e': 0.6656134553337595}",20,12,-5.262469728906366,"{0: 6, 1: 1, 2: 1, 3: 0, 4: 0}",1
355,False,"{'a': 0.1, 'e': 0.587782813560387}",25,0,-102.53529227894548,"{0: 16, 1: 4, 2: 2, 3: 2, 4: 1}",0
356,False,"{'a': 0.1, 'e': 0.504079240209085}",25,0,-35.51603089421569,"{0: 19, 1: 2, 2: 3, 3: 1, 4: 0}",0
357,False,"{'a': 0.1, 'e': 0.4153390737160569}",25,0,-87.92438457801256,"{0: 19, 1: 1, 2: 3, 3: 0, 4: 2}",0
358,False,"{'a': 0.1, 'e': 0.32244897649130216}",20,12,1.073059538571668,"{0: 7, 1: 0, 2: 1, 3: 0, 4: 0}",1
359,False,"{'a': 0.1, 'e': 0.22633707568091363}",25,15,19.191286628692218,"{0: 10, 1: 0, 2: 0, 3: 0, 4: 0}",1
360,False,"{'a': 0.1, 'e': 0.12796368962740468}",30,22,13.722778352964625,"{0: 8, 1: 0, 2: 0, 3: 0, 4: 0}",1
361,False,"{'a': 0.1, 'e': 0.02831173268631065}",20,13,15.067824671439482,"{0: 7, 1: 0, 2: 0, 3: 0, 4: 0}",1
362,False,"{'a': 0.1, 'e': 0.07162310572917044}",25,0,42.33831370323613,"{0: 25, 1: 0, 2: 0, 3: 0, 4: 0}",0
363,False,"{'a': 0.1, 'e': 0.17084230974765666}",25,10,19.52173457149709,"{0: 14, 1: 0, 2: 1, 3: 0, 4: 0}",1
364,False,"{'a': 0.1, 'e': 0.26835451388009673}",25,15,4.585168459465344,"{0: 9, 1: 0, 2: 1, 3: 0, 4: 0}",1
365,False,"{'a': 0.1, 'e': 0.36318540841606234}",20,8,-37.1278778959566,"{0: 9, 1: 1, 2: 1, 3: 0, 4: 1}",1
366,False,"{'a': 0.1, 'e': 0.45438747440426913}",25,15,-14.029969913782118,"{0: 8, 1: 0, 2: 1, 3: 1, 4: 0}",1
367,False,"{'a': 0.1, 'e': 0.5410494509487578}",25,16,-11.601127543633721,"{0: 5, 1: 4, 2: 0, 3: 0, 4: 0}",1
368,False,"{'a': 0.1, 'e': 0.6223054402265364}",20,5,-48.36146283387848,"{0: 10, 1: 3, 2: 1, 3: 0, 4: 1}",1
369,False,"{'a': 0.1, 'e': 0.6973435592523954}",20,0,-107.06865783083987,"{0: 14, 1: 2, 2: 1, 3: 1, 4: 2}",0
370,False,"{'a': 0.1, 'e': 0.7654140519453434}",25,0,-278.01442060858534,"{0: 14, 1: 2, 2: 2, 3: 1, 4: 6}",0
371,False,"{'a': 0.1, 'e': 0.8258367804435}",25,0,-88.55882864554027,"{0: 17, 1: 2, 2: 4, 3: 1, 4: 1}",0
372,False,"{'a': 0.1, 'e': 0.8780080208168103}",25,0,-84.69989366179902,"{0: 13, 1: 4, 2: 8, 3: 0, 4: 0}",0
373,False,"{'a': 0.1, 'e': 0.9214064952769834}",20,0,-178.52270835629054,"{0: 9, 1: 1, 2: 6, 3: 2, 4: 2}",0
374,False,"{'a': 0.1, 'e': 0.9555985806128394}",25,0,-170.09365842826634,"{0: 13, 1: 0, 2: 8, 3: 3, 4: 1}",0
375,False,"{'a': 0.1, 'e': 0.9802426408101081}",20,0,-99.6987780507849,"{0: 13, 1: 1, 2: 3, 3: 2, 4: 1}",0
376,False,"{'a': 0.1, 'e': 0.9950924405655388}",20,0,-136.54244406145193,"{0: 12, 1: 5, 2: 0, 3: 0, 4: 3}",0
377,False,"{'a': 0.1, 'e': 0.9999996055886664}",20,0,-38.68225598067736,"{0: 15, 1: 4, 2: 0, 3: 0, 4: 1}",0
378,False,"{'a': 0.1, 'e': 0.994915105108673}",20,0,-174.52106484851754,"{0: 8, 1: 3, 2: 5, 3: 2, 4: 2}",0
379,False,"{'a': 0.1, 'e': 0.9798897417736435}",20,4,-103.39929082816961,"{0: 7, 1: 1, 2: 7, 3: 0, 4: 1}",1
380,False,"{'a': 0.1, 'e': 0.9550736440472949}",20,0,-117.41657386447012,"{0: 11, 1: 2, 2: 4, 3: 2, 4: 1}",0
381,False,"{'a': 0.1, 'e': 0.920714766174998}",20,0,-72.47520936702658,"{0: 11, 1: 3, 2: 5, 3: 1, 4: 0}",0
382,False,"{'a': 0.1, 'e': 0.8771564107069181}",30,0,-182.67893670351643,"{0: 14, 1: 3, 2: 10, 3: 2, 4: 1}",0
383,False,"{'a': 0.1, 'e': 0.824833798332414}",35,0,-85.4329034639177,"{0: 23, 1: 8, 2: 3, 3: 0, 4: 1}",0
384,False,"{'a': 0.1, 'e': 0.7642697192987757}",20,1,-15.732109516980453,"{0: 15, 1: 2, 2: 1, 3: 1, 4: 0}",1
385,False,"{'a': 0.1, 'e': 0.6960693098638897}",30,14,-91.12902877727326,"{0: 11, 1: 0, 2: 3, 3: 0, 4: 2}",1
386,False,"{'a': 0.1, 'e': 0.6209140059747617}",20,0,-20.854040102494007,"{0: 16, 1: 0, 2: 4, 3: 0, 4: 0}",0
387,False,"{'a': 0.1, 'e': 0.5395547345848157}",25,0,-35.09119005356791,"{0: 21, 1: 2, 2: 1, 3: 0, 4: 1}",0
388,False,"{'a': 0.1, 'e': 0.4528044106399808}",20,11,-38.9610102032913,"{0: 7, 1: 0, 2: 1, 3: 0, 4: 1}",1
389,False,"{'a': 0.1, 'e': 0.36152981470126916}",25,5,-127.88445863764046,"{0: 12, 1: 2, 2: 3, 3: 1, 4: 2}",1
390,False,"{'a': 0.1, 'e': 0.26664293235993725}",20,16,6.648770081699199,"{0: 4, 1: 0, 2: 0, 3: 0, 4: 0}",1
391,False,"{'a': 0.1, 'e': 0.16909184197889304}",20,0,26.45527622519338,"{0: 20, 1: 0, 2: 0, 3: 0, 4: 0}",0
392,False,"{'a': 0.1, 'e': 0.0698512418071273}",20,16,7.296716725979938,"{0: 4, 1: 0, 2: 0, 3: 0, 4: 0}",1
393,False,"{'a': 0.1, 'e': 0.030087288883024584}",30,11,29.77679118991729,"{0: 19, 1: 0, 2: 0, 3: 0, 4: 0}",1
394,False,"{'a': 0.1, 'e': 0.12972519732819268}",30,20,19.782911250226356,"{0: 10, 1: 0, 2: 0, 3: 0, 4: 0}",1
395,False,"{'a': 0.1, 'e': 0.22806693448309956}",20,11,-8.746186938070736,"{0: 8, 1: 0, 2: 0, 3: 1, 4: 0}",1
396,False,"{'a': 0.1, 'e': 0.3241299022175636}",20,8,-14.12434938693247,"{0: 9, 1: 0, 2: 3, 3: 0, 4: 0}",1
397,False,"{'a': 0.1, 'e': 0.41695427111217037}",20,2,-1.5418264453913872,"{0: 15, 1: 1, 2: 2, 3: 0, 4: 0}",1
398,False,"{'a': 0.1, 'e': 0.5056125707565817}",30,0,-46.608482511189194,"{0: 20, 1: 5, 2: 5, 3: 0, 4: 0}",0
399,False,"{'a': 0.1, 'e': 0.5892189567272881}",25,15,-7.303421252360954,"{0: 7, 1: 2, 2: 1, 3: 0, 4: 0}",1
400,False,"{'a': 0.1, 'e': 0.6669380616522619}",25,0,-178.7233591459468,"{0: 13, 1: 3, 2: 6, 3: 0, 4: 3}",0
401,False,"{'a': 0.1, 'e': 0.737993341925624}",20,0,-60.9378136325685,"{0: 11, 1: 3, 2: 6, 3: 0, 4: 0}",0
402,False,"{'a': 0.1, 'e': 0.8016748366746302}",25,0,-85.1821543319295,"{0: 16, 1: 3, 2: 5, 3: 0, 4: 1}",0
403,False,"{'a': 0.1, 'e': 0.857346261454052}",25,0,-121.04810713648861,"{0: 16, 1: 2, 2: 5, 3: 0, 4: 2}",0
404,False,"{'a': 0.1, 'e': 0.9044513657900196}",20,0,-114.44196207549773,"{0: 11, 1: 2, 2: 4, 3: 2, 4: 1}",0
405,False,"{'a': 0.1, 'e': 0.9425194910508831}",25,0,-141.98668350025847,"{0: 12, 1: 3, 2: 8, 3: 1, 4: 1}",0
406,False,"{'a': 0.1, 'e': 0.9711702731126902}",25,0,-132.469599821452,"{0: 13, 1: 1, 2: 10, 3: 0, 4: 1}",0
407,False,"{'a': 0.1, 'e': 0.990117442831766}",20,0,-95.08432180335672,"{0: 14, 1: 2, 2: 2, 3: 0, 4: 2}",0
408,False,"{'a': 0.1, 'e': 0.9991716863513789}",20,0,-155.93277375241436,"{0: 8, 1: 1, 2: 8, 3: 2, 4: 1}",0
409,False,"{'a': 0.1, 'e': 0.9982425366632159}",20,0,-104.54359557639702,"{0: 12, 1: 1, 2: 5, 3: 1, 4: 1}",0
410,False,"{'a': 0.1, 'e': 0.9873392775238264}",30,0,-78.86016170359325,"{0: 24, 1: 2, 2: 2, 3: 0, 4: 2}",0
411,False,"{'a': 0.1, 'e': 0.9665708506943913}",20,0,-50.69538998272347,"{0: 16, 1: 2, 2: 0, 3: 1, 4: 1}",0
412,False,"{'a': 0.1, 'e': 0.9361447674306613}",25,0,-132.94793101287902,"{0: 17, 1: 1, 2: 4, 3: 1, 4: 2}",0
413,False,"{'a': 0.1, 'e': 0.896365035099082}",25,5,-118.50064615620336,"{0: 8, 1: 4, 2: 7, 3: 0, 4: 1}",1
414,False,"{'a': 0.1, 'e': 0.8476291196356791}",30,0,-38.74111563890691,"{0: 26, 1: 0, 2: 3, 3: 0, 4: 1}",0
415,False,"{'a': 0.1, 'e': 0.7904239741978156}",20,13,-2.8860267945110474,"{0: 5, 1: 2, 2: 0, 3: 0, 4: 0}",1
416,False,"{'a': 0.1, 'e': 0.7253211736891915}",25,0,0.3433390675181407,"{0: 22, 1: 0, 2: 3, 3: 0, 4: 0}",0
417,False,"{'a': 0.1, 'e': 0.652971203772368}",25,0,-51.063196229919754,"{0: 19, 1: 2, 2: 3, 3: 0, 4: 1}",0
418,False,"{'a': 0.1, 'e': 0.5740969614310336}",25,0,-105.35202186084668,"{0: 15, 1: 3, 2: 5, 3: 1, 4: 1}",0
419,False,"{'a': 0.1, 'e': 0.4894865320223051}",25,3,-41.59807659053449,"{0: 16, 1: 0, 2: 6, 3: 0, 4: 0}",1
420,False,"{'a': 0.1, 'e': 0.39998531498835127}",20,11,-59.441855486086574,"{0: 6, 1: 0, 2: 1, 3: 1, 4: 1}",1
421,False,"{'a': 0.1, 'e': 0.306487576904594}",25,5,-0.5027361853595058,"{0: 17, 1: 1, 2: 2, 3: 0, 4: 0}",1
422,False,"{'a': 0.1, 'e': 0.20992751626372916}",25,18,11.736573383246093,"{0: 7, 1: 0, 2: 0, 3: 0, 4: 0}",1
423,False,"{'a': 0.1, 'e': 0.11126992927316799}",30,8,28.724365445980748,"{0: 21, 1: 0, 2: 1, 3: 0, 4: 0}",1
424,False,"{'a': 0.1, 'e': 0.011500569930257757}",20,0,25.695669639326702,"{0: 20, 1: 0, 2: 0, 3: 0, 4: 0}",0
425,False,"{'a': 0.1, 'e': 0.08838369930580554}",35,13,-22.322093676666025,"{0: 20, 1: 0, 2: 1, 3: 0, 4: 1}",1
426,False,"{'a': 0.1, 'e': 0.187384867834179}",20,10,3.816189420110821,"{0: 9, 1: 0, 2: 1, 3: 0, 4: 0}",1
427,False,"{'a': 0.1, 'e': 0.2845137487043553}",30,0,-1.6191943806335023,"{0: 29, 1: 0, 2: 0, 3: 0, 4: 1}",0
428,False,"{'a': 0.1, 'e': 0.37879986224521894}",20,0,5.4751142839651505,"{0: 17, 1: 2, 2: 1, 3: 0, 4: 0}",0
429,False,"{'a': 0.1, 'e': 0.4693011327771151}",30,21,15.176594695223454,"{0: 9, 1: 0, 2: 0, 3: 0, 4: 0}",1
430,False,"{'a': 0.1, 'e': 0.5551133015206257}",20,0,-61.339847188473414,"{0: 15, 1: 0, 2: 4, 3: 0, 4: 1}",0
431,False,"{'a': 0.1, 'e': 0.6353789616514094}",20,0,-26.536758470841995,"{0: 14, 1: 3, 2: 3, 3: 0, 4: 0}",0
432,False,"{'a': 0.1, 'e': 0.7092961252257328}",20,14,-6.105580659059228,"{0: 4, 1: 1, 2: 1, 3: 0, 4: 0}",1
433,False,"{'a': 0.1, 'e': 0.7761262363789271}",20,0,-41.687028697783376,"{0: 15, 1: 1, 2: 3, 3: 1, 4: 0}",0
434,False,"{'a': 0.1, 'e': 0.835201550731447}",20,0,-189.86289538928042,"{0: 7, 1: 4, 2: 6, 3: 0, 4: 3}",0
435,False,"{'a': 0.1, 'e': 0.8859318072699817}",30,0,-53.42777357251121,"{0: 22, 1: 1, 2: 7, 3: 0, 4: 0}",0
436,False,"{'a': 0.1, 'e': 0.9278101260403985}",25,0,-170.58449400947356,"{0: 11, 1: 6, 2: 5, 3: 1, 4: 2}",0
437,False,"{'a': 0.1, 'e': 0.9604180727246712}",30,0,-94.68979679738126,"{0: 18, 1: 4, 2: 7, 3: 1, 4: 0}",0
438,False,"{'a': 0.1, 'e': 0.9834298394982847}",25,0,-129.90837650863753,"{0: 15, 1: 4, 2: 3, 3: 1, 4: 2}",0
439,False,"{'a': 0.1, 'e': 0.9966155003943157}",20,0,-159.50970566858638,"{0: 9, 1: 2, 2: 6, 3: 1, 4: 2}",0
440,False,"{'a': 0.1, 'e': 0.9998433086476912}",20,0,-89.49726410709486,"{0: 14, 1: 0, 2: 3, 3: 2, 4: 1}",0
441,False,"{'a': 0.1, 'e': 0.9930810130653156}",20,0,-78.86926488647457,"{0: 10, 1: 5, 2: 3, 3: 2, 4: 0}",0
442,False,"{'a': 0.1, 'e': 0.9763961802693296}",20,0,-62.765688916212895,"{0: 15, 1: 1, 2: 2, 3: 1, 4: 1}",0
443,False,"{'a': 0.1, 'e': 0.9499555195937583}",20,0,-29.979112407113377,"{0: 15, 1: 3, 2: 1, 3: 1, 4: 0}",0
444,False,"{'a': 0.1, 'e': 0.9140232173799515}",20,0,-83.02122575078592,"{0: 13, 1: 2, 2: 3, 3: 1, 4: 1}",0
445,False,"{'a': 0.1, 'e': 0.8689582973139933}",20,0,-181.31042386264244,"{0: 12, 1: 1, 2: 3, 3: 0, 4: 4}",0
446,False,"{'a': 0.1, 'e': 0.8152110331806943}",25,0,-11.944954591506438,"{0: 20, 1: 2, 2: 3, 3: 0, 4: 0}",0
447,False,"{'a': 0.1, 'e': 0.7533184498767937}",25,0,-151.62402235114556,"{0: 15, 1: 5, 2: 2, 3: 0, 4: 3}",0
448,False,"{'a': 0.1, 'e': 0.6838989576356965}",20,0,-21.27044251772623,"{0: 17, 1: 0, 2: 2, 3: 1, 4: 0}",0
449,False,"{'a': 0.1, 'e': 0.6076461730768422}",30,19,17.12701512015586,"{0: 11, 1: 0, 2: 0, 3: 0, 4: 0}",1
450,False,"{'a': 0.1, 'e': 0.5253219888177297}",20,7,-5.516744105571788,"{0: 10, 1: 2, 2: 1, 3: 0, 4: 0}",1
451,False,"{'a': 0.1, 'e': 0.43774896089470705}",20,0,15.365388779771015,"{0: 18, 1: 2, 2: 0, 3: 0, 4: 0}",0
452,False,"{'a': 0.1, 'e': 0.3458020900549924}",20,12,13.733154227520528,"{0: 8, 1: 0, 2: 0, 3: 0, 4: 0}",1
453,False,"{'a': 0.1, 'e': 0.2504000790384217}",20,6,23.69990896895648,"{0: 14, 1: 0, 2: 0, 3: 0, 4: 0}",1
454,False,"{'a': 0.1, 'e': 0.15249615320336046}",30,12,31.13058721921215,"{0: 18, 1: 0, 2: 0, 3: 0, 4: 0}",1
455,False,"{'a': 0.1, 'e': 0.05306853621402457}",25,10,26.94191983061996,"{0: 15, 1: 0, 2: 0, 3: 0, 4: 0}",1
456,False,"{'a': 0.1, 'e': 0.046889324047043116}",20,5,-18.426873505978943,"{0: 14, 1: 0, 2: 0, 3: 0, 4: 1}",1
457,False,"{'a': 0.1, 'e': 0.14637868168178253}",20,11,16.343116551254646,"{0: 9, 1: 0, 2: 0, 3: 0, 4: 0}",1
458,False,"{'a': 0.1, 'e': 0.2444054719155166}",30,6,17.3092632368778,"{0: 23, 1: 0, 2: 0, 3: 1, 4: 0}",1
459,False,"{'a': 0.1, 'e': 0.33999024346357853}",35,0,-114.95363826956637,"{0: 28, 1: 0, 2: 4, 3: 0, 4: 3}",1
460,False,"{'a': 0.1, 'e': 0.4321779448847783}",20,15,7.7410266118719155,"{0: 5, 1: 0, 2: 0, 3: 0, 4: 0}",1
461,False,"{'a': 0.1, 'e': 0.5200474671397309}",20,0,-121.18126636417746,"{0: 12, 1: 2, 2: 3, 3: 1, 4: 2}",0
462,False,"{'a': 0.1, 'e': 0.6027208470078607}",25,0,-56.24297730471384,"{0: 20, 1: 0, 2: 4, 3: 0, 4: 1}",0
463,False,"{'a': 0.1, 'e': 0.6793720394057109}",25,0,-78.40626156311387,"{0: 18, 1: 1, 2: 4, 3: 1, 4: 1}",0
464,False,"{'a': 0.1, 'e': 0.749235170956358}",20,0,-18.124132503179307,"{0: 15, 1: 2, 2: 3, 3: 0, 4: 0}",0
465,False,"{'a': 0.1, 'e': 0.8116121923430246}",20,3,-80.28032775037944,"{0: 10, 1: 1, 2: 5, 3: 0, 4: 1}",1
466,False,"{'a': 0.1, 'e': 0.8658798529871259}",30,6,-92.03606213385167,"{0: 17, 1: 3, 2: 2, 3: 0, 4: 2}",1
467,False,"{'a': 0.1, 'e': 0.9114959283620049}",20,8,-60.8974755898132,"{0: 8, 1: 0, 2: 3, 3: 0, 4: 1}",1
468,False,"{'a': 0.1, 'e': 0.9480046377211855}",25,0,-201.8492731472778,"{0: 9, 1: 4, 2: 9, 3: 1, 4: 2}",0
469,False,"{'a': 0.1, 'e': 0.9750411981089256}",20,7,-29.577957356624257,"{0: 9, 1: 2, 2: 1, 3: 1, 4: 0}",1
470,False,"{'a': 0.1, 'e': 0.9923354691509287}",30,0,-124.98439262165435,"{0: 16, 1: 6, 2: 5, 3: 3, 4: 0}",0
471,False,"{'a': 0.1, 'e': 0.9997146522076715}",25,0,-80.79156862332307,"{0: 17, 1: 2, 2: 5, 3: 0, 4: 1}",0
472,False,"{'a': 0.1, 'e': 0.9971050169212831}",20,0,-197.56143050277765,"{0: 7, 1: 4, 2: 6, 3: 0, 4: 3}",0
473,False,"{'a': 0.1, 'e': 0.9845326379049143}",20,0,-35.51045082853738,"{0: 16, 1: 1, 2: 2, 3: 1, 4: 0}",0
474,False,"{'a': 0.1, 'e': 0.9621231342138207}",20,0,-96.53722129246205,"{0: 9, 1: 5, 2: 4, 3: 2, 4: 0}",0
475,False,"{'a': 0.1, 'e': 0.9301004142012893}",20,0,-152.82631557124847,"{0: 8, 1: 4, 2: 6, 3: 0, 4: 2}",0
476,False,"{'a': 0.1, 'e': 0.8887844383003768}",30,0,-109.82872298839136,"{0: 23, 1: 1, 2: 3, 3: 1, 4: 2}",0
477,False,"{'a': 0.1, 'e': 0.8385880220850412}",25,0,-66.35095682258479,"{0: 15, 1: 4, 2: 6, 3: 0, 4: 0}",0
478,False,"{'a': 0.1, 'e': 0.7800127115533773}",20,0,-96.59957527537907,"{0: 15, 1: 1, 2: 1, 3: 1, 4: 2}",0
479,False,"{'a': 0.1, 'e': 0.7136437718457938}",20,9,-46.74778010799625,"{0: 7, 1: 1, 2: 1, 3: 2, 4: 0}",1
480,False,"{'a': 0.1, 'e': 0.6401443394691997}",20,0,-78.8570896449565,"{0: 12, 1: 3, 2: 4, 3: 0, 4: 1}",0
481,False,"{'a': 0.1, 'e': 0.5602487964562096}",30,0,-30.33558564982367,"{0: 25, 1: 1, 2: 2, 3: 2, 4: 0}",0
482,False,"{'a': 0.1, 'e': 0.47475543266265885}",20,6,-12.350986104326287,"{0: 11, 1: 0, 2: 3, 3: 0, 4: 0}",1
483,False,"{'a': 0.1, 'e': 0.38451846951922397}",20,9,-7.552077532617026,"{0: 8, 1: 2, 2: 1, 3: 0, 4: 0}",1
484,False,"{'a': 0.1, 'e': 0.2904395249332599}",20,0,-8.539625113376765,"{0: 17, 1: 0, 2: 3, 3: 0, 4: 0}",0
485,False,"{'a': 0.1, 'e': 0.1934586046207122}",30,20,19.538962444152112,"{0: 10, 1: 0, 2: 0, 3: 0, 4: 0}",1
486,False,"{'a': 0.1, 'e': 0.09454470987969996}",25,8,27.46367047448999,"{0: 17, 1: 0, 2: 0, 3: 0, 4: 0}",1
487,False,"{'a': 0.1, 'e': 0.005313844350104288}",20,12,18.610238323744298,"{0: 8, 1: 0, 2: 0, 3: 0, 4: 0}",1
488,False,"{'a': 0.1, 'e': 0.1051193044036857}",20,8,17.613642572757772,"{0: 11, 1: 1, 2: 0, 3: 0, 4: 0}",1
489,False,"{'a': 0.1, 'e': 0.20387444711548766}",25,19,11.65823026419174,"{0: 6, 1: 0, 2: 0, 3: 0, 4: 0}",1
490,False,"{'a': 0.1, 'e': 0.3005925437436371}",30,13,7.157391537068998,"{0: 15, 1: 0, 2: 2, 3: 0, 4: 0}",1
491,False,"{'a': 0.1, 'e': 0.39430721903739135}",30,10,-78.66818257579222,"{0: 15, 1: 0, 2: 3, 3: 0, 4: 2}",1
492,False,"{'a': 0.1, 'e': 0.48408210693916126}",20,7,-14.790174238532298,"{0: 9, 1: 1, 2: 3, 3: 0, 4: 0}",1
493,False,"{'a': 0.1, 'e': 0.5690202064446649}",25,10,-26.237558634449037,"{0: 13, 1: 0, 2: 1, 3: 0, 4: 1}",1
494,False,"{'a': 0.1, 'e': 0.6482728441404458}",20,0,-59.253280961705485,"{0: 15, 1: 0, 2: 4, 3: 0, 4: 1}",0
495,False,"{'a': 0.1, 'e': 0.7210481538680822}",25,0,-20.908369678438106,"{0: 19, 1: 2, 2: 4, 3: 0, 4: 0}",0
496,False,"{'a': 0.1, 'e': 0.7866189887891044}",30,0,-219.30092383682899,"{0: 14, 1: 6, 2: 5, 3: 2, 4: 3}",0
497,False,"{'a': 0.1, 'e': 0.8443301867958127}",25,0,-140.08500938421753,"{0: 15, 1: 5, 2: 2, 3: 0, 4: 3}",0
498,False,"{'a': 0.1, 'e': 0.8936051166745098}",20,0,-49.59219220745612,"{0: 14, 1: 2, 2: 2, 3: 2, 4: 0}",0
499,False,"{'a': 0.1, 'e': 0.933951439613974}",20,5,-41.99217400291072,"{0: 9, 1: 2, 2: 4, 3: 0, 4: 0}",1
500,False,"{'a': 0.1, 'e': 0.9649660284921133}",20,0,-72.06239896918157,"{0: 14, 1: 4, 2: 0, 3: 1, 4: 1}",0
501,False,"{'a': 0.1, 'e': 0.9863389957889219}",20,0,-16.821322584131714,"{0: 17, 1: 1, 2: 1, 3: 1, 4: 0}",0
502,False,"{'a': 0.1, 'e': 0.9978567898801314}",25,0,-104.00416990359754,"{0: 13, 1: 7, 2: 4, 3: 0, 4: 1}",0
503,False,"{'a': 0.1, 'e': 0.9994043287744586}",20,0,-25.62053939205837,"{0: 15, 1: 2, 2: 3, 3: 0, 4: 0}",0
504,False,"{'a': 0.1, 'e': 0.99096614997482}",25,0,-105.9274572972204,"{0: 14, 1: 3, 2: 6, 3: 2, 4: 0}",0
505,False,"{'a': 0.1, 'e': 0.9726265649744922}",20,0,-55.101317625582574,"{0: 15, 1: 2, 2: 2, 3: 0, 4: 1}",0
506,False,"{'a': 0.1, 'e': 0.9445688168445349}",20,0,-122.71379439194962,"{0: 7, 1: 7, 2: 4, 3: 1, 4: 1}",0
507,False,"{'a': 0.1, 'e': 0.9070732493296052}",25,0,-226.03496430101652,"{0: 10, 1: 4, 2: 7, 3: 1, 4: 3}",0
508,False,"{'a': 0.1, 'e': 0.8605145057459257}",20,0,-66.48073162259166,"{0: 13, 1: 2, 2: 3, 3: 2, 4: 0}",0
509,False,"{'a': 0.1, 'e': 0.8053577856691099}",25,0,-149.901496789612,"{0: 16, 1: 2, 2: 4, 3: 0, 4: 3}",0
510,False,"{'a': 0.1, 'e': 0.7421541968137826}",20,0,-65.77003029932679,"{0: 15, 1: 0, 2: 4, 3: 0, 4: 1}",0
511,False,"{'a': 0.1, 'e': 0.6715352485474484}",25,5,-28.55993480003016,"{0: 15, 1: 2, 2: 2, 3: 1, 4: 0}",1
512,False,"{'a': 0.1, 'e': 0.5942065420576682}",20,6,-37.830634478672394,"{0: 11, 1: 1, 2: 1, 3: 0, 4: 1}",1
513,False,"{'a': 0.1, 'e': 0.510940720218216}",20,14,-16.9993792736174,"{0: 4, 1: 1, 2: 0, 3: 1, 4: 0}",1
514,False,"{'a': 0.1, 'e': 0.4225697475968902}",25,0,-31.157708982492295,"{0: 19, 1: 0, 2: 6, 3: 0, 4: 0}",0
515,False,"{'a': 0.1, 'e': 0.32997659774057014}",30,0,-55.529541635756765,"{0: 24, 1: 0, 2: 5, 3: 0, 4: 1}",0
516,False,"{'a': 0.1, 'e': 0.23408643079538105}",20,0,17.607323805761652,"{0: 19, 1: 0, 2: 1, 3: 0, 4: 0}",0
517,False,"{'a': 0.1, 'e': 0.1358573496123707}",25,17,-26.724710089049623,"{0: 7, 1: 0, 2: 0, 3: 0, 4: 1}",1
518,False,"{'a': 0.1, 'e': 0.03627082670050258}",30,19,22.57403551043391,"{0: 11, 1: 0, 2: 0, 3: 0, 4: 0}",1
519,False,"{'a': 0.1, 'e': 0.06367810232221571}",30,19,25.30313784978518,"{0: 11, 1: 0, 2: 0, 3: 0, 4: 0}",1
520,False,"{'a': 0.1, 'e': 0.16299078079570548}",30,19,20.23040364545572,"{0: 11, 1: 0, 2: 0, 3: 0, 4: 0}",1
521,False,"{'a': 0.1, 'e': 0.2606749092650805}",25,10,-7.897056815642614,"{0: 12, 1: 1, 2: 2, 3: 0, 4: 0}",1
522,False,"{'a': 0.1, 'e': 0.35575446020874757}",25,18,-5.612701474120234,"{0: 5, 1: 1, 2: 1, 3: 0, 4: 0}",1
523,False,"{'a': 0.1, 'e': 0.44727943018279837}",25,9,1.75218481990675,"{0: 14, 1: 0, 2: 2, 3: 0, 4: 0}",1
524,False,"{'a': 0.1, 'e': 0.5343353319413849}",20,0,-46.49860599042401,"{0: 15, 1: 2, 2: 2, 3: 0, 4: 1}",1
525,False,"{'a': 0.1, 'e': 0.616052331690985}",20,4,-75.34579288140512,"{0: 10, 1: 2, 2: 2, 3: 1, 4: 1}",1
526,False,"{'a': 0.1, 'e': 0.6916139401821607}",30,0,-36.6153063407385,"{0: 23, 1: 2, 2: 4, 3: 1, 4: 0}",0
527,False,"{'a': 0.1, 'e': 0.7602651708002094}",20,0,-67.41167638963424,"{0: 15, 1: 1, 2: 2, 3: 1, 4: 1}",0
528,False,"{'a': 0.1, 'e': 0.8213200831418752}",35,10,-45.08363249077628,"{0: 17, 1: 2, 2: 6, 3: 0, 4: 0}",1
529,False,"{'a': 0.1, 'e': 0.8741686367051108}",20,0,-55.80186799574907,"{0: 15, 1: 1, 2: 3, 3: 0, 4: 1}",0
530,False,"{'a': 0.1, 'e': 0.9182827862121189}",30,0,-179.65809054926072,"{0: 15, 1: 8, 2: 4, 3: 0, 4: 3}",0
531,False,"{'a': 0.1, 'e': 0.9532217576632306}",20,0,-171.27215518905683,"{0: 9, 1: 2, 2: 5, 3: 2, 4: 2}",0
532,False,"{'a': 0.1, 'e': 0.9786364524049915}",20,0,-70.02959559737846,"{0: 14, 1: 2, 2: 3, 3: 0, 4: 1}",0
533,False,"{'a': 0.1, 'e': 0.9942729352085231}",35,0,-214.73134881074418,"{0: 17, 1: 6, 2: 8, 3: 2, 4: 2}",0
534,False,"{'a': 0.1, 'e': 0.9999749715063865}",20,0,-109.04959385730928,"{0: 10, 1: 4, 2: 4, 3: 1, 4: 1}",0
535,False,"{'a': 0.1, 'e': 0.9956855884367365}",20,0,-156.6423014361465,"{0: 12, 1: 2, 2: 2, 3: 1, 4: 3}",0
536,False,"{'a': 0.1, 'e': 0.9814476440973232}",30,0,-143.96871093687076,"{0: 15, 1: 4, 2: 10, 3: 0, 4: 1}",0
537,False,"{'a': 0.1, 'e': 0.9574033993215472}",25,0,-128.74398185480518,"{0: 12, 1: 4, 2: 6, 3: 3, 4: 0}",0
538,False,"{'a': 0.1, 'e': 0.9237930962552374}",25,0,-130.78620299892268,"{0: 16, 1: 1, 2: 5, 3: 1, 4: 2}",0
539,False,"{'a': 0.1, 'e': 0.8809525579365433}",25,0,-175.29286528153204,"{0: 14, 1: 1, 2: 7, 3: 0, 4: 3}",0
540,False,"{'a': 0.1, 'e': 0.8293098328631502}",20,0,-54.225520620954114,"{0: 13, 1: 3, 2: 3, 3: 1, 4: 0}",0
541,False,"{'a': 0.1, 'e': 0.7693809180731687}",30,0,-175.5232611710198,"{0: 22, 1: 2, 2: 1, 3: 1, 4: 4}",0
542,False,"{'a': 0.1, 'e': 0.7017646034733183}",30,0,-63.82562307241808,"{0: 22, 1: 4, 2: 3, 3: 0, 4: 1}",0
543,False,"{'a': 0.1, 'e': 0.6271364889280987}",30,0,-29.640483703438157,"{0: 25, 1: 3, 2: 1, 3: 0, 4: 1}",0
544,False,"{'a': 0.1, 'e': 0.5462422338892708}",20,0,-52.646347804755116,"{0: 14, 1: 1, 2: 3, 3: 2, 4: 0}",0
545,False,"{'a': 0.1, 'e': 0.4598901070131037}",25,0,-27.209738378354096,"{0: 22, 1: 0, 2: 2, 3: 0, 4: 1}",0
546,False,"{'a': 0.1, 'e': 0.3689429102071134}",30,7,6.13507978284459,"{0: 20, 1: 0, 2: 3, 3: 0, 4: 0}",1
547,False,"{'a': 0.1, 'e': 0.2743093577986452}",25,5,25.220840891976746,"{0: 19, 1: 0, 2: 1, 3: 0, 4: 0}",1
548,False,"{'a': 0.1, 'e': 0.176934996961671}",20,0,-29.592062257897105,"{0: 18, 1: 0, 2: 1, 3: 0, 4: 1}",0
549,False,"{'a': 0.1, 'e': 0.07779276012198974}",30,22,6.441395257471346,"{0: 7, 1: 1, 2: 0, 3: 0, 4: 0}",1
550,False,"{'a': 0.1, 'e': 0.022126756261955736}",20,14,11.311090050750726,"{0: 6, 1: 0, 2: 0, 3: 0, 4: 0}",1
551,False,"{'a': 0.1, 'e': 0.12182518941147201}",25,11,25.5353753348235,"{0: 14, 1: 0, 2: 0, 3: 0, 4: 0}",1
552,False,"{'a': 0.1, 'e': 0.2203063855384424}",25,20,10.485850742091483,"{0: 5, 1: 0, 2: 0, 3: 0, 4: 0}",1
553,False,"{'a': 0.1, 'e': 0.31658635308472155}",30,10,-30.826091894354125,"{0: 17, 1: 1, 2: 1, 3: 0, 4: 1}",1
554,False,"{'a': 0.1, 'e': 0.40970309444051295}",25,0,-45.03426261811068,"{0: 20, 1: 2, 2: 2, 3: 0, 4: 1}",0
555,False,"{'a': 0.1, 'e': 0.49872621790648564}",25,10,-37.17738187790448,"{0: 12, 1: 1, 2: 1, 3: 0, 4: 1}",1
556,False,"{'a': 0.1, 'e': 0.5827662338601124}",35,0,-114.09199634174286,"{0: 23, 1: 6, 2: 4, 3: 0, 4: 2}",0
557,False,"{'a': 0.1, 'e': 0.6609834422419141}",25,0,-113.01939415027738,"{0: 17, 1: 3, 2: 2, 3: 1, 4: 2}",0
558,False,"{'a': 0.1, 'e': 0.7325963225609111}",25,0,-132.72496661916537,"{0: 17, 1: 1, 2: 3, 3: 2, 4: 2}",0
559,False,"{'a': 0.1, 'e': 0.7968893425890271}",30,12,-7.392522617644381,"{0: 16, 1: 0, 2: 1, 3: 1, 4: 0}",1
560,False,"{'a': 0.1, 'e': 0.8532201077225842}",20,0,-32.797760713101916,"{0: 15, 1: 0, 2: 5, 3: 0, 4: 0}",0
561,False,"{'a': 0.1, 'e': 0.901025779576851}",30,14,-63.48374857441379,"{0: 10, 1: 3, 2: 2, 3: 0, 4: 1}",1
562,False,"{'a': 0.1, 'e': 0.9398286996811099}",25,0,-138.31507088769573,"{0: 12, 1: 4, 2: 7, 3: 1, 4: 1}",0
563,False,"{'a': 0.1, 'e': 0.9692411620842188}",30,0,-224.98913128233417,"{0: 14, 1: 3, 2: 9, 3: 1, 4: 3}",0
564,False,"{'a': 0.1, 'e': 0.9889692871843135}",20,0,-34.99700048611333,"{0: 16, 1: 0, 2: 3, 3: 1, 4: 0}",0
565,False,"{'a': 0.1, 'e': 0.9988159580766447}",20,0,-122.2038287854792,"{0: 12, 1: 2, 2: 4, 3: 0, 4: 2}",0
566,False,"{'a': 0.1, 'e': 0.9986827900805341}",30,0,-120.3717385659528,"{0: 15, 1: 6, 2: 7, 3: 2, 4: 0}",0
567,False,"{'a': 0.1, 'e': 0.9885711137665782}",30,7,-115.10827724512009,"{0: 12, 1: 3, 2: 6, 3: 1, 4: 1}",1
568,False,"{'a': 0.1, 'e': 0.9685819616620305}",35,0,-227.43055980343328,"{0: 20, 1: 6, 2: 4, 3: 1, 4: 4}",0
569,False,"{'a': 0.1, 'e': 0.9389150587671843}",25,0,-95.24683266301092,"{0: 16, 1: 2, 2: 6, 3: 0, 4: 1}",0
570,False,"{'a': 0.1, 'e': 0.8998668269691937}",30,0,-98.86450460585633,"{0: 23, 1: 2, 2: 3, 3: 0, 4: 2}",0
571,False,"{'a': 0.1, 'e': 0.8518274232925497}",25,0,-66.09568821648293,"{0: 19, 1: 0, 2: 5, 3: 0, 4: 1}",0
572,False,"{'a': 0.1, 'e': 0.7952768415790757}",30,0,-287.7424394062092,"{0: 13, 1: 2, 2: 9, 3: 2, 4: 4}",0
573,False,"{'a': 0.1, 'e': 0.730780116548116}",25,0,-91.69245589910138,"{0: 15, 1: 3, 2: 5, 3: 2, 4: 0}",0
574,False,"{'a': 0.1, 'e': 0.6589816781563973}",20,7,-34.645546446701715,"{0: 7, 1: 5, 2: 0, 3: 1, 4: 0}",1
575,False,"{'a': 0.1, 'e': 0.580598912666927}",20,2,-35.526581454180246,"{0: 14, 1: 2, 2: 1, 3: 0, 4: 1}",1
576,False,"{'a': 0.1, 'e': 0.4964149947625673}",20,0,-62.476376873002046,"{0: 13, 1: 1, 2: 5, 3: 1, 4: 0}",0
577,False,"{'a': 0.1, 'e': 0.4072710623235205}",25,5,-33.54426650463914,"{0: 17, 1: 0, 2: 2, 3: 0, 4: 1}",1
578,False,"{'a': 0.1, 'e': 0.31405781205565125}",25,0,-43.0231785536347,"{0: 21, 1: 0, 2: 3, 3: 0, 4: 1}",0
579,False,"{'a': 0.1, 'e': 0.2177065999434321}",25,13,22.06826595820739,"{0: 12, 1: 0, 2: 0, 3: 0, 4: 0}",1
580,False,"{'a': 0.1, 'e': 0.11918013544881928}",25,8,28.612956836786957,"{0: 17, 1: 0, 2: 0, 3: 0, 4: 0}",1
581,False,"{'a': 0.1, 'e': 0.019462862436509885}",20,3,16.83683898719636,"{0: 16, 1: 0, 2: 1, 3: 0, 4: 0}",1
582,False,"{'a': 0.1, 'e': 0.08044887706369817}",30,15,-17.728814228811657,"{0: 14, 1: 0, 2: 0, 3: 0, 4: 1}",1
583,False,"{'a': 0.1, 'e': 0.17955679797714888}",20,16,7.243532671382895,"{0: 4, 1: 0, 2: 0, 3: 0, 4: 0}",1
584,False,"{'a': 0.1, 'e': 0.276870646718798}",30,4,4.708670119794281,"{0: 23, 1: 0, 2: 3, 3: 0, 4: 0}",1
585,False,"{'a': 0.1, 'e': 0.37141809547969407}",30,0,-42.13631315258742,"{0: 28, 1: 0, 2: 0, 3: 0, 4: 2}",0
586,False,"{'a': 0.1, 'e': 0.4622544574050628}",25,15,5.93439389320355,"{0: 9, 1: 0, 2: 1, 3: 0, 4: 0}",1
587,False,"{'a': 0.1, 'e': 0.5484721255930483}",20,0,-58.30335144592016,"{0: 15, 1: 1, 2: 3, 3: 0, 4: 1}",0
588,False,"{'a': 0.1, 'e': 0.6292096416028881}",35,1,-110.18674285455361,"{0: 23, 1: 3, 2: 6, 3: 1, 4: 1}",1
589,False,"{'a': 0.1, 'e': 0.7036603028628863}",25,0,-143.9638220945776,"{0: 14, 1: 1, 2: 6, 3: 3, 4: 1}",0
590,False,"{'a': 0.1, 'e': 0.7710802229758452}",25,0,-71.77159587534285,"{0: 18, 1: 2, 2: 3, 3: 1, 4: 1}",0
591,False,"{'a': 0.1, 'e': 0.8307957643860683}",25,0,-104.06129882208285,"{0: 17, 1: 0, 2: 6, 3: 1, 4: 1}",0
592,False,"{'a': 0.1, 'e': 0.882210269143113}",20,0,-135.05868477878755,"{0: 9, 1: 4, 2: 5, 3: 0, 4: 2}",0
593,False,"{'a': 0.1, 'e': 0.9248100205108226}",20,0,-128.4972231532806,"{0: 12, 1: 2, 2: 3, 3: 1, 4: 2}",0
594,False,"{'a': 0.1, 'e': 0.9581693758551366}",25,0,-86.45559961318422,"{0: 17, 1: 1, 2: 6, 3: 0, 4: 1}",0
595,False,"{'a': 0.1, 'e': 0.9819550195245901}",20,0,-99.2590320331217,"{0: 10, 1: 4, 2: 5, 3: 0, 4: 1}",0
596,False,"{'a': 0.1, 'e': 0.9959292932301297}",20,12,-37.56456549300581,"{0: 6, 1: 0, 2: 1, 3: 0, 4: 1}",1
597,False,"{'a': 0.1, 'e': 0.9999525706481683}",25,0,-138.05845733046596,"{0: 15, 1: 3, 2: 4, 3: 1, 4: 2}",0
598,False,"{'a': 0.1, 'e': 0.9939846525206636}",30,0,-104.14227298114398,"{0: 19, 1: 2, 2: 6, 3: 3, 4: 0}",0
599,False,"{'a': 0.1, 'e': 0.9780851683128142}",20,0,-47.128436182958104,"{0: 12, 1: 4, 2: 4, 3: 0, 4: 0}",0
600,False,"{'a': 0.1, 'e': 0.9524129804151563}",25,0,-247.7678675757799,"{0: 12, 1: 0, 2: 8, 3: 1, 4: 4}",0
601,False,"{'a': 0.1, 'e': 0.9172245968430627}",25,0,-41.38978027402661,"{0: 18, 1: 4, 2: 2, 3: 1, 4: 0}",0
602,False,"{'a': 0.1, 'e': 0.872871608293454}",20,11,3.794880899058507,"{0: 8, 1: 0, 2: 1, 3: 0, 4: 0}",1
603,False,"{'a': 0.1, 'e': 0.8197971751667692}",20,6,-56.51467156494256,"{0: 9, 1: 2, 2: 2, 3: 0, 4: 1}",1
604,False,"{'a': 0.1, 'e': 0.758531599654735}",25,0,-100.99646366207567,"{0: 17, 1: 3, 2: 3, 3: 0, 4: 2}",0
605,False,"{'a': 0.1, 'e': 0.6896870271361664}",25,1,-58.713764631920085,"{0: 18, 1: 2, 2: 3, 3: 0, 4: 1}",1
606,False,"{'a': 0.1, 'e': 0.6139513298226686}",20,0,-66.42553082155594,"{0: 14, 1: 1, 2: 4, 3: 0, 4: 1}",0
607,False,"{'a': 0.1, 'e': 0.5320812337669102}",25,13,-32.08342007385018,"{0: 9, 1: 0, 2: 1, 3: 2, 4: 0}",1
608,False,"{'a': 0.1, 'e': 0.4448947579060243}",25,0,12.608693108609414,"{0: 22, 1: 1, 2: 2, 3: 0, 4: 0}",0
609,False,"{'a': 0.1, 'e': 0.35326304068679576}",25,11,-17.789982710574833,"{0: 10, 1: 1, 2: 3, 3: 0, 4: 0}",1
610,False,"{'a': 0.1, 'e': 0.25810163593826746}",25,11,-38.20314956168966,"{0: 10, 1: 3, 2: 0, 3: 0, 4: 1}",1
611,False,"{'a': 0.1, 'e': 0.1603613649604949}",20,0,5.782221204469879,"{0: 18, 1: 0, 2: 2, 3: 0, 4: 0}",0
612,False,"{'a': 0.1, 'e': 0.061018816232456675}",20,15,8.288692302253244,"{0: 5, 1: 0, 2: 0, 3: 0, 4: 0}",1
613,False,"{'a': 0.1, 'e': 0.03893341233723732}",20,10,18.0624106514404,"{0: 10, 1: 0, 2: 0, 3: 0, 4: 0}",1
614,False,"{'a': 0.1, 'e': 0.13849663112053268}",25,8,18.005345677653008,"{0: 15, 1: 2, 2: 0, 3: 0, 4: 0}",1
615,False,"{'a': 0.1, 'e': 0.23667603734656428}",20,9,-9.795579050328673,"{0: 9, 1: 0, 2: 1, 3: 1, 4: 0}",1
616,False,"{'a': 0.1, 'e': 0.33249065484213236}",35,22,-7.857389609062346,"{0: 11, 1: 0, 2: 2, 3: 0, 4: 0}",1
617,False,"{'a': 0.1, 'e': 0.4249831356213158}",25,9,-42.1317675100534,"{0: 13, 1: 1, 2: 0, 3: 1, 4: 1}",1
618,False,"{'a': 0.1, 'e': 0.5132293253901182}",20,0,-46.11757501154243,"{0: 15, 1: 2, 2: 1, 3: 2, 4: 0}",0
619,False,"{'a': 0.1, 'e': 0.5963474973906817}",20,15,1.5343131240052104,"{0: 4, 1: 1, 2: 0, 3: 0, 4: 0}",1
620,False,"{'a': 0.1, 'e': 0.6735071623235862}",25,15,-44.163916200580005,"{0: 7, 1: 0, 2: 2, 3: 0, 4: 1}",1
621,False,"{'a': 0.1, 'e': 0.7439373663224272}",20,0,-27.342683568043263,"{0: 14, 1: 3, 2: 3, 3: 0, 4: 0}",0
622,False,"{'a': 0.1, 'e': 0.8069343940699727}",25,0,-91.82597599209707,"{0: 18, 1: 3, 2: 2, 3: 0, 4: 2}",0
623,False,"{'a': 0.1, 'e': 0.861868800089018}",35,11,-171.59326896407782,"{0: 11, 1: 2, 2: 8, 3: 1, 4: 2}",1
624,False,"{'a': 0.1, 'e': 0.9081916979535211}",20,0,-54.66929920935863,"{0: 13, 1: 3, 2: 2, 3: 2, 4: 0}",0
625,False,"{'a': 0.1, 'e': 0.9454402445803316}",30,0,-95.82990815161209,"{0: 20, 1: 3, 2: 6, 3: 0, 4: 1}",0
626,False,"{'a': 0.1, 'e': 0.9732422648042924}",35,0,-237.87395409155226,"{0: 17, 1: 5, 2: 8, 3: 2, 4: 3}",0
627,False,"{'a': 0.1, 'e': 0.9913199700294487}",20,0,-73.74335887332481,"{0: 12, 1: 1, 2: 6, 3: 1, 4: 0}",0
628,False,"{'a': 0.1, 'e': 0.9994927338008855}",30,0,-260.93258864535534,"{0: 13, 1: 6, 2: 6, 3: 1, 4: 4}",0
629,False,"{'a': 0.1, 'e': 0.9976788965645553}",25,0,-148.7599259246419,"{0: 10, 1: 6, 2: 7, 3: 1, 4: 1}",0
630,False,"{'a': 0.1, 'e': 0.9858965815825497}",20,0,-46.99505340471093,"{0: 12, 1: 4, 2: 4, 3: 0, 4: 0}",0
631,False,"{'a': 0.1, 'e': 0.9642635138514517}",20,0,-71.99098354161616,"{0: 11, 1: 3, 2: 5, 3: 1, 4: 0}",0
632,False,"{'a': 0.1, 'e': 0.9329958438330894}",25,0,-81.24359128217117,"{0: 16, 1: 4, 2: 4, 3: 0, 4: 1}",0
633,False,"{'a': 0.1, 'e': 0.892405987750569}",25,0,-106.25150698796159,"{0: 16, 1: 2, 2: 3, 3: 4, 4: 0}",0
634,False,"{'a': 0.1, 'e': 0.8428995060286443}",25,11,-128.2317120908085,"{0: 8, 1: 0, 2: 2, 3: 2, 4: 2}",1
635,False,"{'a': 0.1, 'e': 0.784971051068018}",25,0,-110.2103931583175,"{0: 12, 1: 5, 2: 6, 3: 2, 4: 0}",0
636,False,"{'a': 0.1, 'e': 0.7191994248420474}",20,0,10.943571665092717,"{0: 18, 1: 1, 2: 1, 3: 0, 4: 0}",0
637,False,"{'a': 0.1, 'e': 0.6462417956987768}",30,18,-4.264218777263065,"{0: 9, 1: 2, 2: 1, 3: 0, 4: 0}",1
638,False,"{'a': 0.1, 'e': 0.5668271321520203}",25,13,-12.767255997697031,"{0: 9, 1: 0, 2: 3, 3: 0, 4: 0}",1
639,False,"{'a': 0.1, 'e': 0.48174891926893926}",25,3,-18.757558375137066,"{0: 18, 1: 0, 2: 3, 3: 1, 4: 0}",1
640,False,"{'a': 0.1, 'e': 0.39185723042955}",20,8,-2.926464568297253,"{0: 9, 1: 2, 2: 1, 3: 0, 4: 0}",1
641,False,"{'a': 0.1, 'e': 0.2980502336744744}",20,1,-22.61312274640007,"{0: 15, 1: 1, 2: 2, 3: 1, 4: 0}",1
642,False,"{'a': 0.1, 'e': 0.2012652175068453}",20,13,12.473489998550637,"{0: 7, 1: 0, 2: 0, 3: 0, 4: 0}",1
643,False,"{'a': 0.1, 'e': 0.10246922581532364}",30,6,43.27518373865527,"{0: 24, 1: 0, 2: 0, 3: 0, 4: 0}",1
644,False,"{'a': 0.1, 'e': 0.0026493954912638444}",25,17,16.59090208324811,"{0: 8, 1: 0, 2: 0, 3: 0, 4: 0}",1
645,False,"{'a': 0.1, 'e': 0.0971969067167568}",25,19,12.032646788051535,"{0: 6, 1: 0, 2: 0, 3: 0, 4: 0}",1
646,False,"{'a': 0.1, 'e': 0.19607204956190338}",25,18,-0.9726333540529364,"{0: 6, 1: 0, 2: 1, 3: 0, 4: 0}",1
647,False,"{'a': 0.1, 'e': 0.292988105300616}",30,8,20.04546508914135,"{0: 20, 1: 1, 2: 1, 3: 0, 4: 0}",1
648,False,"{'a': 0.1, 'e': 0.38697672074015643}",20,8,-55.32877379359542,"{0: 8, 1: 0, 2: 3, 3: 0, 4: 1}",1
649,False,"{'a': 0.1, 'e': 0.47709879270357103}",25,0,-144.38286314476937,"{0: 17, 1: 2, 2: 2, 3: 1, 4: 3}",0
650,False,"{'a': 0.1, 'e': 0.562453851238172}",20,0,-62.86491008962652,"{0: 14, 1: 1, 2: 4, 3: 0, 4: 1}",0
651,False,"{'a': 0.1, 'e': 0.6421890568137371}",20,0,-38.47856913949234,"{0: 14, 1: 3, 2: 2, 3: 1, 4: 0}",0
652,False,"{'a': 0.1, 'e': 0.7155077216130871}",30,0,-110.68257801913256,"{0: 21, 1: 4, 2: 2, 3: 1, 4: 2}",0
653,False,"{'a': 0.1, 'e': 0.7816772697734873}",30,0,-181.87802676327564,"{0: 18, 1: 3, 2: 5, 3: 1, 4: 3}",0
654,False,"{'a': 0.1, 'e': 0.8400365570424713}",20,0,-126.80416814104528,"{0: 9, 1: 5, 2: 3, 3: 2, 4: 1}",0
655,False,"{'a': 0.1, 'e': 0.8900024767126464}",20,0,-17.663877388270762,"{0: 16, 1: 3, 2: 0, 3: 1, 4: 0}",0
656,False,"{'a': 0.1, 'e': 0.9310757858312195}",30,0,-179.82366911605004,"{0: 16, 1: 7, 2: 4, 3: 0, 4: 3}",0
657,False,"{'a': 0.1, 'e': 0.9628460934704971}",20,0,-83.46466395083823,"{0: 13, 1: 1, 2: 5, 3: 0, 4: 1}",0
658,False,"{'a': 0.1, 'e': 0.9849959612184215}",25,0,-117.90308458783527,"{0: 14, 1: 4, 2: 4, 3: 2, 4: 1}",0
659,False,"{'a': 0.1, 'e': 0.9973040749182293}",20,0,-166.62824834279283,"{0: 8, 1: 3, 2: 6, 3: 1, 4: 2}",0
660,False,"{'a': 0.1, 'e': 0.99964745596635}",25,0,-70.3100112266529,"{0: 16, 1: 1, 2: 8, 3: 0, 4: 0}",0
661,False,"{'a': 0.1, 'e': 0.9920026900739702}",30,0,-123.95319630766873,"{0: 18, 1: 3, 2: 7, 3: 1, 4: 1}",0
662,False,"{'a': 0.1, 'e': 0.9744461612148652}",20,3,-109.2307883060999,"{0: 9, 1: 1, 2: 4, 3: 2, 4: 1}",1
663,False,"{'a': 0.1, 'e': 0.9471532884219778}",30,21,-16.801267053785608,"{0: 6, 1: 1, 2: 2, 3: 0, 4: 0}",1
664,False,"{'a': 0.1, 'e': 0.9103967730584245}",25,13,-41.63128704437012,"{0: 9, 1: 1, 2: 1, 3: 0, 4: 1}",1
665,False,"{'a': 0.1, 'e': 0.8645438740756395}",20,0,-142.57236226113193,"{0: 10, 1: 3, 2: 4, 3: 1, 4: 2}",0
666,False,"{'a': 0.1, 'e': 0.8100527384832928}",30,0,-78.21558079212264,"{0: 20, 1: 5, 2: 4, 3: 0, 4: 1}",0
667,False,"{'a': 0.1, 'e': 0.747467823695864}",20,6,-105.52102193336945,"{0: 7, 1: 3, 2: 2, 3: 0, 4: 2}",1
668,False,"{'a': 0.1, 'e': 0.6774144574940792}",20,0,-110.95232496456381,"{0: 12, 1: 1, 2: 4, 3: 2, 4: 1}",0
669,False,"{'a': 0.1, 'e': 0.6005925899564515}",25,0,-74.2705636494657,"{0: 18, 1: 1, 2: 5, 3: 0, 4: 1}",0
670,False,"{'a': 0.1, 'e': 0.5177697997895051}",35,17,-32.38544566034709,"{0: 13, 1: 0, 2: 5, 3: 0, 4: 0}",1
671,False,"{'a': 0.1, 'e': 0.42977362493499033}",20,3,26.691060228731686,"{0: 17, 1: 0, 2: 0, 3: 0, 4: 0}",1
672,False,"{'a': 0.1, 'e': 0.33748329408441025}",30,0,-43.55630400958427,"{0: 26, 1: 0, 2: 2, 3: 1, 4: 1}",0
673,False,"{'a': 0.1, 'e': 0.24182094171648436}",25,14,21.58818810039881,"{0: 11, 1: 0, 2: 0, 3: 0, 4: 0}",1
674,False,"{'a': 0.1, 'e': 0.14374239443428918}",20,12,17.055011164620705,"{0: 8, 1: 0, 2: 0, 3: 0, 4: 0}",1
675,False,"{'a': 0.1, 'e': 0.04422762066183892}",20,10,18.231926298598726,"{0: 10, 1: 0, 2: 0, 3: 0, 4: 0}",1
676,False,"{'a': 0.1, 'e': 0.05572906087657094}",20,11,17.85872652417212,"{0: 9, 1: 0, 2: 0, 3: 0, 4: 0}",1
677,False,"{'a': 0.1, 'e': 0.15512891606026627}",25,9,24.82698222572484,"{0: 16, 1: 0, 2: 0, 3: 0, 4: 0}",1
678,False,"{'a': 0.1, 'e': 0.2529787743934896}",20,0,-29.492161559653052,"{0: 17, 1: 2, 2: 0, 3: 0, 4: 1}",0
679,False,"{'a': 0.1, 'e': 0.34830095243665155}",25,6,-58.33839294533446,"{0: 14, 1: 2, 2: 1, 3: 1, 4: 1}",1
680,False,"{'a': 0.1, 'e': 0.4401430224960407}",25,3,-109.41502471165867,"{0: 15, 1: 1, 2: 3, 3: 1, 4: 2}",1
681,False,"{'a': 0.1, 'e': 0.5275873289666017}",20,0,-0.4933463520511576,"{0: 16, 1: 3, 2: 1, 3: 0, 4: 0}",0
682,False,"{'a': 0.1, 'e': 0.6097601572433003}",25,7,-18.802408022745478,"{0: 16, 1: 1, 2: 0, 3: 0, 4: 1}",1
683,False,"{'a': 0.1, 'e': 0.6858404635887347}",30,18,-13.998209633630657,"{0: 10, 1: 0, 2: 1, 3: 1, 4: 0}",1
684,False,"{'a': 0.1, 'e': 0.7550680787307162}",25,0,-66.99542697681413,"{0: 18, 1: 1, 2: 5, 3: 0, 4: 1}",1
685,False,"{'a': 0.1, 'e': 0.8167513032223336}",20,0,-118.36415352371641,"{0: 9, 1: 4, 2: 5, 3: 1, 4: 1}",0
686,False,"{'a': 0.1, 'e': 0.8702738186742472}",20,0,-91.37250687104176,"{0: 11, 1: 3, 2: 5, 3: 0, 4: 1}",0
687,False,"{'a': 0.1, 'e': 0.9151008458042379}",20,0,-79.5416982641573,"{0: 13, 1: 1, 2: 5, 3: 0, 4: 1}",0
688,False,"{'a': 0.1, 'e': 0.950784487775076}",25,0,-132.45664176694675,"{0: 14, 1: 3, 2: 5, 3: 2, 4: 1}",0
689,False,"{'a': 0.1, 'e': 0.9769682054316357}",20,0,-162.79582343256624,"{0: 9, 1: 2, 2: 6, 3: 1, 4: 2}",0
690,False,"{'a': 0.1, 'e': 0.9933903797222716}",25,0,-98.42444925815362,"{0: 15, 1: 3, 2: 6, 3: 0, 4: 1}",0
691,False,"{'a': 0.1, 'e': 0.9998869257099255}",25,0,-143.50198553068975,"{0: 12, 1: 3, 2: 8, 3: 1, 4: 1}",0
692,False,"{'a': 0.1, 'e': 0.9963929320545596}",25,0,-163.71288567340048,"{0: 14, 1: 4, 2: 4, 3: 0, 4: 3}",0
693,False,"{'a': 0.1, 'e': 0.982943309585819}",20,7,-17.531056587868758,"{0: 10, 1: 0, 2: 3, 3: 0, 4: 0}",1
694,False,"{'a': 0.1, 'e': 0.9596724424855533}",20,0,-139.93429158380187,"{0: 12, 1: 3, 2: 2, 3: 0, 4: 3}",0
695,False,"{'a': 0.1, 'e': 0.926812845565509}",30,0,-89.12865556827265,"{0: 22, 1: 1, 2: 5, 3: 1, 4: 1}",0
696,False,"{'a': 0.1, 'e': 0.8846928410561633}",25,0,-94.45669695560136,"{0: 17, 1: 2, 2: 4, 3: 1, 4: 1}",0
697,False,"{'a': 0.1, 'e': 0.8337332781195631}",25,0,-186.33068903973853,"{0: 10, 1: 5, 2: 7, 3: 1, 4: 2}",0
698,False,"{'a': 0.1, 'e': 0.7744433278635736}",20,0,-84.66004277934572,"{0: 13, 1: 2, 2: 3, 3: 1, 4: 1}",0
699,False,"{'a': 0.1, 'e': 0.7074153958724908}",35,27,2.3758319473460037,"{0: 7, 1: 0, 2: 1, 3: 0, 4: 0}",1
700,False,"{'a': 0.1, 'e': 0.6333192030862999}",20,0,-53.039474680904505,"{0: 12, 1: 5, 2: 2, 3: 1, 4: 0}",0
701,False,"{'a': 0.1, 'e': 0.5528950941703545}",20,4,11.598270303347237,"{0: 14, 1: 2, 2: 0, 3: 0, 4: 0}",1
702,False,"{'a': 0.1, 'e': 0.46694664023629}",20,0,-59.42719939453752,"{0: 15, 1: 1, 2: 3, 3: 0, 4: 1}",0
703,False,"{'a': 0.1, 'e': 0.37633260982502265}",25,15,18.925991711729182,"{0: 10, 1: 0, 2: 0, 3: 0, 4: 0}",1
704,False,"{'a': 0.1, 'e': 0.281958388375392}",25,16,16.739565720607033,"{0: 9, 1: 0, 2: 0, 3: 0, 4: 0}",1
705,False,"{'a': 0.1, 'e': 0.18476693191217952}",20,11,3.5641202645897447,"{0: 7, 1: 2, 2: 0, 3: 0, 4: 0}",1
706,False,"{'a': 0.1, 'e': 0.08572934534111404}",35,14,-11.895536529579049,"{0: 19, 1: 1, 2: 0, 3: 0, 4: 1}",1
707,False,"{'a': 0.1, 'e': 0.014164820510231907}",25,13,22.939433903562897,"{0: 12, 1: 0, 2: 0, 3: 0, 4: 0}",1
708,False,"{'a': 0.1, 'e': 0.11391745615730677}",20,1,2.9561707151210364,"{0: 16, 1: 2, 2: 1, 3: 0, 4: 0}",1
709,False,"{'a': 0.1, 'e': 0.21253186623857634}",25,6,-24.990876047266724,"{0: 16, 1: 2, 2: 0, 3: 0, 4: 1}",1
710,False,"{'a': 0.1, 'e': 0.3090227281660707}",20,3,6.730479063787188,"{0: 15, 1: 1, 2: 1, 3: 0, 4: 0}",1
711,False,"{'a': 0.1, 'e': 0.4024259371430759}",30,19,-18.189469139579224,"{0: 8, 1: 0, 2: 3, 3: 0, 4: 0}",1
712,False,"{'a': 0.1, 'e': 0.49180823918046324}",25,11,27.647666040612553,"{0: 14, 1: 0, 2: 0, 3: 0, 4: 0}",1
713,False,"{'a': 0.1, 'e': 0.5762765558621497}",25,0,-89.75071945855498,"{0: 17, 1: 2, 2: 4, 3: 1, 4: 1}",0
714,False,"{'a': 0.1, 'e': 0.6549869076893757}",25,14,-20.366871824347673,"{0: 7, 1: 2, 2: 2, 3: 0, 4: 0}",1
715,False,"{'a': 0.1, 'e': 0.7271528468448446}",25,0,-183.01401593568283,"{0: 15, 1: 2, 2: 1, 3: 5, 4: 2}",0
716,False,"{'a': 0.1, 'e': 0.7920533151194233}",30,7,-89.10204713936625,"{0: 13, 1: 5, 2: 4, 3: 0, 4: 1}",1
717,False,"{'a': 0.1, 'e': 0.8490398484873364}",20,0,-108.54605135370589,"{0: 12, 1: 3, 2: 3, 3: 0, 4: 2}",0
718,False,"{'a': 0.1, 'e': 0.8975430563444248}",20,14,-2.3836194685405605,"{0: 4, 1: 2, 2: 0, 3: 0, 4: 0}",1
719,False,"{'a': 0.1, 'e': 0.9370783106708145}",20,0,-62.94150560833333,"{0: 15, 1: 0, 2: 4, 3: 0, 4: 1}",0
720,False,"{'a': 0.1, 'e': 0.9672505882738824}",25,0,-116.57194579730682,"{0: 15, 1: 0, 2: 9, 3: 0, 4: 1}",0
721,False,"{'a': 0.1, 'e': 0.9877584177294565}",25,0,-191.8284517108071,"{0: 12, 1: 5, 2: 4, 3: 1, 4: 3}",0
722,False,"{'a': 0.1, 'e': 0.9983968915845978}",20,2,-105.57441846424496,"{0: 11, 1: 2, 2: 3, 3: 0, 4: 2}",1
723,False,"{'a': 0.1, 'e': 0.9990597137251612}",20,0,-203.39895189803804,"{0: 7, 1: 4, 2: 3, 3: 4, 4: 2}",0
724,False,"{'a': 0.1, 'e': 0.9897402614514161}",25,0,-240.98140123327704,"{0: 11, 1: 3, 2: 6, 3: 1, 4: 4}",0
725,False,"{'a': 0.1, 'e': 0.9705316516498831}",20,0,-68.79474506838295,"{0: 12, 1: 2, 2: 5, 3: 1, 4: 0}",0
726,False,"{'a': 0.1, 'e': 0.9416258104001715}",20,0,-77.26777599713323,"{0: 12, 1: 2, 2: 4, 3: 2, 4: 0}",0
727,False,"{'a': 0.1, 'e': 0.9033115553130557}",25,15,-36.795826045870946,"{0: 6, 1: 1, 2: 2, 3: 1, 4: 0}",1
728,False,"{'a': 0.1, 'e': 0.855971709760354}",25,0,-183.34435504478574,"{0: 11, 1: 3, 2: 8, 3: 1, 4: 2}",0
729,False,"{'a': 0.1, 'e': 0.8000792778303477}",20,14,-16.00655749203006,"{0: 4, 1: 0, 2: 2, 3: 0, 4: 0}",1
730,False,"{'a': 0.1, 'e': 0.7361927182273159}",30,0,-102.46156087677602,"{0: 18, 1: 4, 2: 7, 3: 0, 4: 1}",0
731,False,"{'a': 0.1, 'e': 0.6649503643367052}",30,6,0.8285235289332478,"{0: 20, 1: 1, 2: 3, 3: 0, 4: 0}",1
732,False,"{'a': 0.1, 'e': 0.5870640462090193}",20,6,-22.261296867176355,"{0: 10, 1: 1, 2: 3, 3: 0, 4: 0}",1
733,False,"{'a': 0.1, 'e': 0.5033119781891867}",20,6,-30.18586908589438,"{0: 12, 1: 0, 2: 1, 3: 0, 4: 1}",1
734,False,"{'a': 0.1, 'e': 0.41453098325609555}",25,12,-10.574176327672209,"{0: 11, 1: 1, 2: 0, 3: 1, 4: 0}",1
735,False,"{'a': 0.1, 'e': 0.32160813176404734}",25,20,10.142038977446408,"{0: 5, 1: 0, 2: 0, 3: 0, 4: 0}",1
736,False,"{'a': 0.1, 'e': 0.22547187812891342}",20,6,-13.02226017660588,"{0: 11, 1: 0, 2: 3, 3: 0, 4: 0}",1
737,False,"{'a': 0.1, 'e': 0.1270827840186229}",25,17,14.322149715150147,"{0: 8, 1: 0, 2: 0, 3: 0, 4: 0}",1
738,False,"{'a': 0.1, 'e': 0.027423920738401768}",20,0,30.817375075730546,"{0: 20, 1: 0, 2: 0, 3: 0, 4: 0}",0
739,False,"{'a': 0.1, 'e': 0.07250895329270868}",30,19,17.717910714128063,"{0: 11, 1: 0, 2: 0, 3: 0, 4: 0}",1
740,False,"{'a': 0.1, 'e': 0.17171734183077755}",20,0,-11.384600437589334,"{0: 19, 1: 0, 2: 0, 3: 0, 4: 1}",0
741,False,"{'a': 0.1, 'e': 0.26920998745149366}",20,0,5.650988954457594,"{0: 18, 1: 0, 2: 2, 3: 0, 4: 0}",0
742,False,"{'a': 0.1, 'e': 0.36401277586657127}",25,18,13.700812175024705,"{0: 7, 1: 0, 2: 0, 3: 0, 4: 0}",1
743,False,"{'a': 0.1, 'e': 0.4551784689518164}",20,14,-7.875416444431759,"{0: 5, 1: 0, 2: 0, 3: 1, 4: 0}",1
744,False,"{'a': 0.1, 'e': 0.5417961692373049}",20,9,-76.21578544366237,"{0: 6, 1: 1, 2: 2, 3: 1, 4: 1}",1
745,False,"{'a': 0.1, 'e': 0.6230004212937645}",20,13,-6.897442030992695,"{0: 5, 1: 1, 2: 1, 3: 0, 4: 0}",1
746,False,"{'a': 0.1, 'e': 0.6979798590772273}",20,0,-64.060076709174,"{0: 17, 1: 0, 2: 1, 3: 0, 4: 2}",0
747,False,"{'a': 0.1, 'e': 0.7659853128302462}",25,0,-141.12890698910576,"{0: 15, 1: 2, 2: 5, 3: 1, 4: 2}",0
748,False,"{'a': 0.1, 'e': 0.8263372945385468}",25,0,-88.87774464615741,"{0: 18, 1: 1, 2: 3, 3: 2, 4: 1}",0
749,False,"{'a': 0.1, 'e': 0.8784327871506192}",25,0,-154.6334344096654,"{0: 14, 1: 2, 2: 6, 3: 1, 4: 2}",0
750,False,"{'a': 0.1, 'e': 0.9217512697247493}",20,8,0.44445916765953797,"{0: 10, 1: 1, 2: 1, 3: 0, 4: 0}",1
751,False,"{'a': 0.1, 'e': 0.9558599183022551}",25,0,-59.96244464758248,"{0: 14, 1: 7, 2: 4, 3: 0, 4: 0}",0
752,False,"{'a': 0.1, 'e': 0.9804179305413608}",25,0,-148.40373891156483,"{0: 12, 1: 3, 2: 7, 3: 2, 4: 1}",0
753,False,"{'a': 0.1, 'e': 0.9951799309015783}",20,0,-161.75323991155685,"{0: 11, 1: 0, 2: 5, 3: 2, 4: 2}",0
754,False,"{'a': 0.1, 'e': 0.9999984223549769}",25,0,-90.53198144990196,"{0: 16, 1: 1, 2: 7, 3: 0, 4: 1}",0
755,False,"{'a': 0.1, 'e': 0.9948252601277343}",30,0,-187.46409129200273,"{0: 13, 1: 5, 2: 10, 3: 0, 4: 2}",0
756,False,"{'a': 0.1, 'e': 0.9797121327468036}",25,0,-59.34868211195251,"{0: 19, 1: 2, 2: 3, 3: 0, 4: 1}",0
757,False,"{'a': 0.1, 'e': 0.9548100455852436}",30,0,-83.98871778161121,"{0: 21, 1: 3, 2: 5, 3: 0, 4: 1}",0
758,False,"{'a': 0.1, 'e': 0.9203678120664357}",20,0,-177.5866606795994,"{0: 8, 1: 1, 2: 6, 3: 4, 4: 1}",0
759,False,"{'a': 0.1, 'e': 0.876729567602604}",25,0,-139.0410530693856,"{0: 16, 1: 4, 2: 2, 3: 0, 4: 3}",0
760,False,"{'a': 0.1, 'e': 0.8243313311075577}",20,0,-136.7842068024211,"{0: 13, 1: 2, 2: 2, 3: 0, 4: 3}",0
761,False,"{'a': 0.1, 'e': 0.7636966484397866}",20,0,-79.17596319257305,"{0: 14, 1: 1, 2: 3, 3: 1, 4: 1}",0
762,False,"{'a': 0.1, 'e': 0.6954313613053625}",30,0,-49.59800003480281,"{0: 22, 1: 3, 2: 4, 3: 1, 4: 0}",0
763,False,"{'a': 0.1, 'e': 0.6202175538878211}",30,3,-34.496977662665465,"{0: 19, 1: 3, 2: 5, 3: 0, 4: 0}",1
764,False,"{'a': 0.1, 'e': 0.538806737688487}",20,0,-10.06494048867889,"{0: 16, 1: 2, 2: 2, 3: 0, 4: 0}",1
765,False,"{'a': 0.1, 'e': 0.45201234267200896}",20,15,9.696433217402369,"{0: 5, 1: 0, 2: 0, 3: 0, 4: 0}",1
766,False,"{'a': 0.1, 'e': 0.36070158974295474}",25,6,9.362620507821626,"{0: 17, 1: 1, 2: 1, 3: 0, 4: 0}",1
767,False,"{'a': 0.1, 'e': 0.2657868257612953}",30,18,20.796747428150894,"{0: 12, 1: 0, 2: 0, 3: 0, 4: 0}",1
768,False,"{'a': 0.1, 'e': 0.16821640767405896}",20,7,-20.29664585109233,"{0: 12, 1: 0, 2: 0, 3: 0, 4: 1}",1
769,False,"{'a': 0.1, 'e': 0.06896522684630882}",20,13,11.512845846066652,"{0: 7, 1: 0, 2: 0, 3: 0, 4: 0}",1
770,False,"{'a': 0.1, 'e': 0.03097503173121646}",35,15,35.28710366247253,"{0: 20, 1: 0, 2: 0, 3: 0, 4: 0}",1
771,False,"{'a': 0.1, 'e': 0.13060579803068173}",20,8,24.388491199071936,"{0: 12, 1: 0, 2: 0, 3: 0, 4: 0}",1
772,False,"{'a': 0.1, 'e': 0.2289315943687473}",20,12,-0.7527621061345298,"{0: 7, 1: 0, 2: 1, 3: 0, 4: 0}",1
773,False,"{'a': 0.1, 'e': 0.32496998189061793}",25,8,15.551542744054583,"{0: 16, 1: 0, 2: 1, 3: 0, 4: 0}",1
774,False,"{'a': 0.1, 'e': 0.4177613767742181}",35,0,-70.46023146506816,"{0: 27, 1: 2, 2: 4, 3: 1, 4: 1}",0
775,False,"{'a': 0.1, 'e': 0.506378638074642}",20,0,-19.66585677650183,"{0: 16, 1: 1, 2: 2, 3: 1, 4: 0}",1
776,False,"{'a': 0.1, 'e': 0.5899363314099593}",25,14,-32.762961755889016,"{0: 9, 1: 0, 2: 1, 3: 0, 4: 1}",1
777,False,"{'a': 0.1, 'e': 0.667599575928841}",20,4,8.617052388713477,"{0: 14, 1: 2, 2: 0, 3: 0, 4: 0}",1
778,False,"{'a': 0.1, 'e': 0.7385923861641319}",25,12,-63.67185878511611,"{0: 8, 1: 1, 2: 3, 3: 0, 4: 1}",1
779,False,"{'a': 0.1, 'e': 0.802205425423044}",20,0,-90.64047122912538,"{0: 12, 1: 3, 2: 3, 3: 1, 4: 1}",0
780,False,"{'a': 0.1, 'e': 0.8578030932449878}",20,0,-62.17796112904044,"{0: 13, 1: 4, 2: 2, 3: 0, 4: 1}",0
781,False,"{'a': 0.1, 'e': 0.9048298761112383}",25,0,-143.61116659070387,"{0: 14, 1: 1, 2: 8, 3: 0, 4: 2}",0
782,False,"{'a': 0.1, 'e': 0.9428158979523701}",20,0,-43.210369231793074,"{0: 13, 1: 2, 2: 5, 3: 0, 4: 0}",0
783,False,"{'a': 0.1, 'e': 0.9713816149946669}",25,0,-78.22677307656058,"{0: 15, 1: 3, 2: 6, 3: 1, 4: 0}",0
784,False,"{'a': 0.1, 'e': 0.9902416080360045}",25,0,-152.44488252546674,"{0: 14, 1: 3, 2: 5, 3: 1, 4: 2}",0
785,False,"{'a': 0.1, 'e': 0.9992074342602034}",25,0,-100.31138263239585,"{0: 13, 1: 3, 2: 8, 3: 1, 4: 0}",0
786,False,"{'a': 0.1, 'e': 0.9981895100953388}",25,0,-113.82080589619368,"{0: 15, 1: 2, 2: 6, 3: 1, 4: 1}",0
787,False,"{'a': 0.1, 'e': 0.9871980063031853}",25,8,-84.08026512282954,"{0: 12, 1: 0, 2: 2, 3: 2, 4: 1}",1
788,False,"{'a': 0.1, 'e': 0.9663427463563229}",20,10,-131.85523956981635,"{0: 5, 1: 0, 2: 2, 3: 0, 4: 3}",1
789,False,"{'a': 0.1, 'e': 0.9358321091183142}",30,0,-126.98396748119235,"{0: 17, 1: 5, 2: 6, 3: 1, 4: 1}",0
790,False,"{'a': 0.1, 'e': 0.8959709467909631}",25,3,-83.80842425622183,"{0: 16, 1: 2, 2: 2, 3: 0, 4: 2}",1
791,False,"{'a': 0.1, 'e': 0.8471575389318887}",20,0,-131.1883983973934,"{0: 11, 1: 1, 2: 6, 3: 0, 4: 2}",0
792,False,"{'a': 0.1, 'e': 0.7898796129768653}",20,2,4.778416598320771,"{0: 15, 1: 2, 2: 1, 3: 0, 4: 0}",1
793,False,"{'a': 0.1, 'e': 0.7247094710284542}",30,18,-11.709749517700367,"{0: 9, 1: 1, 2: 2, 3: 0, 4: 0}",1
794,False,"{'a': 0.1, 'e': 0.6522982716026375}",30,0,-9.543798842342428,"{0: 25, 1: 1, 2: 4, 3: 0, 4: 0}",0
795,False,"{'a': 0.1, 'e': 0.5733695234681091}",25,11,-20.230086031485488,"{0: 10, 1: 2, 2: 1, 3: 1, 4: 0}",1
796,False,"{'a': 0.1, 'e': 0.4887118565858413}",20,12,-27.798215846534028,"{0: 7, 1: 0, 2: 0, 3: 0, 4: 1}",1
797,False,"{'a': 0.1, 'e': 0.39917114237924173}",30,0,-84.32037380317706,"{0: 24, 1: 0, 2: 4, 3: 0, 4: 2}",0
798,False,"{'a': 0.1, 'e': 0.3056420420664123}",20,7,16.09280200034616,"{0: 12, 1: 0, 2: 1, 3: 0, 4: 0}",1
799,False,"{'a': 0.1, 'e': 0.20905906750109535}",25,9,-13.0416619127084,"{0: 15, 1: 0, 2: 0, 3: 0, 4: 1}",1
800,False,"{'a': 0.1, 'e': 0.11038724383904756}",20,11,18.43000437993387,"{0: 9, 1: 0, 2: 0, 3: 0, 4: 0}",1
801,False,"{'a': 0.1, 'e': 0.010612467325717374}",25,16,2.2869127858305807,"{0: 8, 1: 0, 2: 1, 3: 0, 4: 0}",1
802,False,"{'a': 0.1, 'e': 0.08926834545310194}",20,3,-10.907332233670907,"{0: 16, 1: 0, 2: 0, 3: 0, 4: 1}",1
803,False,"{'a': 0.1, 'e': 0.18825721843235974}",30,7,-8.346266487104138,"{0: 19, 1: 1, 2: 3, 3: 0, 4: 0}",1
804,False,"{'a': 0.1, 'e': 0.2853650875145902}",20,12,-31.529267746035156,"{0: 4, 1: 2, 2: 1, 3: 1, 4: 0}",1
805,False,"{'a': 0.1, 'e': 0.37962168297153187}",25,0,-27.888303804718923,"{0: 19, 1: 3, 2: 2, 3: 1, 4: 0}",0
806,False,"{'a': 0.1, 'e': 0.47008522405847947}",20,12,-6.594823100830345,"{0: 7, 1: 0, 2: 0, 3: 1, 4: 0}",1
807,False,"{'a': 0.1, 'e': 0.5558518289761377}",20,14,7.485785842062303,"{0: 5, 1: 1, 2: 0, 3: 0, 4: 0}",1
808,False,"{'a': 0.1, 'e': 0.6360645461588639}",35,22,-17.84562732901694,"{0: 10, 1: 1, 2: 1, 3: 1, 4: 0}",1
809,False,"{'a': 0.1, 'e': 0.7099219166513444}",20,0,-138.75907568253788,"{0: 14, 1: 0, 2: 3, 3: 0, 4: 3}",0
810,False,"{'a': 0.1, 'e': 0.7766859820216312}",25,7,-17.547526562082204,"{0: 13, 1: 2, 2: 3, 3: 0, 4: 0}",1
811,False,"{'a': 0.1, 'e': 0.835689657797818}",20,9,-5.15979096862019,"{0: 9, 1: 0, 2: 2, 3: 0, 4: 0}",1
812,False,"{'a': 0.1, 'e': 0.8863433987555546}",20,0,-68.00754721155843,"{0: 12, 1: 0, 2: 8, 3: 0, 4: 0}",0
813,False,"{'a': 0.1, 'e': 0.9281410894591062}",20,0,-89.46698601112779,"{0: 12, 1: 2, 2: 5, 3: 0, 4: 1}",0
814,False,"{'a': 0.1, 'e': 0.9606651011994307}",35,21,-40.44680619605078,"{0: 11, 1: 1, 2: 1, 3: 0, 4: 1}",1
815,False,"{'a': 0.1, 'e': 0.9835904648022342}",25,0,-80.4880570468446,"{0: 16, 1: 5, 2: 3, 3: 0, 4: 1}",0
816,False,"{'a': 0.1, 'e': 0.9966881176125165}",20,0,-215.37169265219518,"{0: 9, 1: 1, 2: 4, 3: 3, 4: 3}",0
817,False,"{'a': 0.1, 'e': 0.9998271922129018}",35,0,-207.9849702309507,"{0: 20, 1: 5, 2: 6, 3: 1, 4: 3}",0
818,False,"{'a': 0.1, 'e': 0.9929763240076241}",20,0,-95.38345884946585,"{0: 15, 1: 1, 2: 1, 3: 1, 4: 2}",0
819,False,"{'a': 0.1, 'e': 0.9762039646071967}",30,5,-177.98880453888643,"{0: 12, 1: 3, 2: 6, 3: 2, 4: 2}",1
820,False,"{'a': 0.1, 'e': 0.9496776978825432}",25,0,-136.8141986331351,"{0: 13, 1: 2, 2: 8, 3: 1, 4: 1}",0
821,False,"{'a': 0.1, 'e': 0.9136625655223527}",25,4,-65.60466475712084,"{0: 16, 1: 2, 2: 1, 3: 1, 4: 1}",1
822,False,"{'a': 0.1, 'e': 0.8685184188241584}",25,0,-67.76282232034394,"{0: 16, 1: 1, 2: 8, 3: 0, 4: 0}",0
823,False,"{'a': 0.1, 'e': 0.8146963231790851}",20,0,-44.32701564455414,"{0: 16, 1: 1, 2: 2, 3: 0, 4: 1}",0
824,False,"{'a': 0.1, 'e': 0.7527340511756141}",20,0,-109.40019215344314,"{0: 12, 1: 4, 2: 2, 3: 0, 4: 2}",0
825,False,"{'a': 0.1, 'e': 0.6832507093535931}",20,0,-107.51035649751115,"{0: 11, 1: 2, 2: 5, 3: 1, 4: 1}",0
826,False,"{'a': 0.1, 'e': 0.6069405522963571}",20,10,-21.703817921831472,"{0: 7, 1: 1, 2: 1, 3: 1, 4: 0}",1
827,False,"{'a': 0.1, 'e': 0.5245660458684595}",20,0,-73.11850851694432,"{0: 14, 1: 2, 2: 2, 3: 1, 4: 1}",0
828,False,"{'a': 0.1, 'e': 0.4369502489087129}",30,11,-14.676974038746883,"{0: 16, 1: 0, 2: 2, 3: 1, 4: 0}",1
829,False,"{'a': 0.1, 'e': 0.34496858949843207}",20,12,14.228561586797372,"{0: 8, 1: 0, 2: 0, 3: 0, 4: 0}",1
830,False,"{'a': 0.1, 'e': 0.24954011797333814}",20,10,-23.161372988399414,"{0: 9, 1: 0, 2: 0, 3: 0, 4: 1}",1
831,False,"{'a': 0.1, 'e': 0.1516183240764369}",25,17,17.267792971164162,"{0: 8, 1: 0, 2: 0, 3: 0, 4: 0}",1
832,False,"{'a': 0.1, 'e': 0.05218161000373245}",30,19,23.565126312626063,"{0: 11, 1: 0, 2: 0, 3: 0, 4: 0}",1
833,False,"{'a': 0.1, 'e': 0.0477764854671965}",25,12,21.55412586869894,"{0: 13, 1: 0, 2: 0, 3: 0, 4: 0}",1
834,False,"{'a': 0.1, 'e': 0.14725721408812947}",20,8,22.49856033368074,"{0: 12, 1: 0, 2: 0, 3: 0, 4: 0}",1
835,False,"{'a': 0.1, 'e': 0.24526659730265726}",35,13,-32.08092846613412,"{0: 19, 1: 1, 2: 0, 3: 1, 4: 1}",1
836,False,"{'a': 0.1, 'e': 0.3408253577513085}",30,7,21.537961835964598,"{0: 22, 1: 0, 2: 1, 3: 0, 4: 0}",1
837,False,"{'a': 0.1, 'e': 0.43297870388717985}",20,9,-5.892123853305986,"{0: 9, 1: 0, 2: 2, 3: 0, 4: 0}",1
838,False,"{'a': 0.1, 'e': 0.5208058699375538}",25,2,-13.713216930530283,"{0: 19, 1: 1, 2: 2, 3: 1, 4: 0}",1
839,False,"{'a': 0.1, 'e': 0.6034293158910315}",25,2,-94.90985283892748,"{0: 16, 1: 0, 2: 5, 3: 1, 4: 1}",1
840,False,"{'a': 0.1, 'e': 0.6800234955873388}",20,12,-22.424743404726883,"{0: 6, 1: 0, 2: 1, 3: 1, 4: 0}",1
841,False,"{'a': 0.1, 'e': 0.7498231053016292}",20,0,-140.54980852029408,"{0: 12, 1: 2, 2: 3, 3: 0, 4: 3}",1
842,False,"{'a': 0.1, 'e': 0.8121307304063011}",25,3,-157.41130429169587,"{0: 10, 1: 3, 2: 6, 3: 1, 4: 2}",1
843,False,"{'a': 0.1, 'e': 0.866323813707489}",30,0,-154.60094293431206,"{0: 17, 1: 3, 2: 8, 3: 0, 4: 2}",0
844,False,"{'a': 0.1, 'e': 0.9118608758306834}",25,0,-191.42600015095587,"{0: 14, 1: 2, 2: 4, 3: 2, 4: 3}",0
845,False,"{'a': 0.1, 'e': 0.9482869255037094}",20,12,-9.497186964021818,"{0: 6, 1: 0, 2: 2, 3: 0, 4: 0}",1
846,False,"{'a': 0.1, 'e': 0.9752380056790884}",20,0,-29.239539163335884,"{0: 13, 1: 5, 2: 2, 3: 0, 4: 0}",0
847,False,"{'a': 0.1, 'e': 0.9924448300725429}",20,0,-59.30700585955941,"{0: 16, 1: 0, 2: 2, 3: 1, 4: 1}",0
848,False,"{'a': 0.1, 'e': 0.9997354737825584}",20,0,-79.61398560919821,"{0: 14, 1: 2, 2: 0, 3: 4, 4: 0}",0
849,False,"{'a': 0.1, 'e': 0.9970370911071489}",30,0,-97.71812505374913,"{0: 19, 1: 5, 2: 5, 3: 0, 4: 1}",0
850,False,"{'a': 0.1, 'e': 0.9843766433940419}",35,0,-268.8072108591411,"{0: 16, 1: 4, 2: 10, 3: 2, 4: 3}",0
851,False,"{'a': 0.1, 'e': 0.9618806296517953}",25,0,-75.97893265321302,"{0: 17, 1: 4, 2: 3, 3: 0, 4: 1}",0
852,False,"{'a': 0.1, 'e': 0.9297738226135346}",25,0,-59.908855607119364,"{0: 17, 1: 2, 2: 5, 3: 1, 4: 0}",0
853,False,"{'a': 0.1, 'e': 0.8883770228820775}",20,2,-16.714056786170772,"{0: 14, 1: 1, 2: 3, 3: 0, 4: 0}",1
854,False,"{'a': 0.1, 'e': 0.83810385359639}",20,0,-25.97345407915829,"{0: 14, 1: 3, 2: 3, 3: 0, 4: 0}",0
855,False,"{'a': 0.1, 'e': 0.7794566276458688}",25,0,-90.04057616994818,"{0: 15, 1: 3, 2: 6, 3: 0, 4: 1}",0
856,False,"{'a': 0.1, 'e': 0.7130213287260063}",20,0,-33.48795731975455,"{0: 15, 1: 2, 2: 2, 3: 1, 4: 0}",0
857,False,"{'a': 0.1, 'e': 0.6394617563830383}",35,23,0.8211158110518924,"{0: 10, 1: 1, 2: 1, 3: 0, 4: 0}",1
858,False,"{'a': 0.1, 'e': 0.5595128935482332}",25,12,-57.62517985058787,"{0: 8, 1: 1, 2: 3, 3: 0, 4: 1}",1
859,False,"{'a': 0.1, 'e': 0.47397356283147857}",30,12,-22.960817076509908,"{0: 14, 1: 0, 2: 3, 3: 1, 4: 0}",1
860,False,"{'a': 0.1, 'e': 0.38369844494974187}",20,9,-67.66166985005042,"{0: 7, 1: 0, 2: 2, 3: 1, 4: 1}",1
861,False,"{'a': 0.1, 'e': 0.2895895390398971}",20,13,12.782524550892692,"{0: 7, 1: 0, 2: 0, 3: 0, 4: 0}",1
862,False,"{'a': 0.1, 'e': 0.19258715018155367}",20,0,23.94639554496379,"{0: 19, 1: 1, 2: 0, 3: 0, 4: 0}",0
863,False,"{'a': 0.1, 'e': 0.09366049417943022}",25,0,40.01907136617723,"{0: 25, 1: 0, 2: 0, 3: 0, 4: 0}",0
864,False,"{'a': 0.1, 'e': 0.006201986520476918}",20,9,20.362846633074227,"{0: 11, 1: 0, 2: 0, 3: 0, 4: 0}",1
865,False,"{'a': 0.1, 'e': 0.10600249902117563}",25,15,19.459774511262854,"{0: 10, 1: 0, 2: 0, 3: 0, 4: 0}",1
866,False,"{'a': 0.1, 'e': 0.2047438695914363}",30,0,-0.09148655318478816,"{0: 26, 1: 0, 2: 4, 3: 0, 4: 0}",0
867,False,"{'a': 0.1, 'e': 0.3014395070960506}",20,5,-12.65437036087042,"{0: 11, 1: 1, 2: 3, 3: 0, 4: 0}",1
868,False,"{'a': 0.1, 'e': 0.39512326068842774}",20,0,-6.259626512536063,"{0: 18, 1: 0, 2: 1, 3: 1, 4: 0}",0
869,False,"{'a': 0.1, 'e': 0.48485907327037797}",35,4,-73.34604755744839,"{0: 24, 1: 1, 2: 4, 3: 1, 4: 1}",1
870,False,"{'a': 0.1, 'e': 0.569750334265312}",20,13,-11.459097444592722,"{0: 5, 1: 0, 2: 2, 3: 0, 4: 0}",1
871,False,"{'a': 0.1, 'e': 0.6489488382546992}",25,0,-69.72609059252039,"{0: 14, 1: 4, 2: 7, 3: 0, 4: 0}",0
872,False,"{'a': 0.1, 'e': 0.7216632599662002}",20,0,-68.25150705312751,"{0: 14, 1: 0, 2: 5, 3: 0, 4: 1}",0
873,False,"{'a': 0.1, 'e': 0.7871670609342862}",30,0,-63.867047894944584,"{0: 19, 1: 7, 2: 3, 3: 1, 4: 0}",0
874,False,"{'a': 0.1, 'e': 0.8448057488323435}",30,0,-144.397479570835,"{0: 19, 1: 2, 2: 6, 3: 1, 4: 2}",0
875,False,"{'a': 0.1, 'e': 0.8940034169437217}",20,0,-33.72738347993857,"{0: 15, 1: 1, 2: 3, 3: 1, 4: 0}",0
876,False,"{'a': 0.1, 'e': 0.9342684984312437}",20,6,-23.056003332385416,"{0: 13, 1: 0, 2: 0, 3: 0, 4: 1}",1
877,False,"{'a': 0.1, 'e': 0.9651986779105415}",20,0,-76.29659331353218,"{0: 13, 1: 0, 2: 5, 3: 2, 4: 0}",0
878,False,"{'a': 0.1, 'e': 0.9864849112524243}",20,10,-87.49372226689076,"{0: 6, 1: 1, 2: 1, 3: 0, 4: 2}",1
879,False,"{'a': 0.1, 'e': 0.9979145134496277}",25,0,-77.6532709564834,"{0: 16, 1: 2, 2: 6, 3: 1, 4: 0}",0
880,False,"{'a': 0.1, 'e': 0.9993732836951247}",30,0,-245.1801608930735,"{0: 15, 1: 4, 2: 6, 3: 1, 4: 4}",0
881,False,"{'a': 0.1, 'e': 0.9908466464388259}",30,0,-204.1564115864891,"{0: 15, 1: 8, 2: 2, 3: 2, 4: 3}",0
882,False,"{'a': 0.1, 'e': 0.9724197970216671}",20,0,-30.82527967371812,"{0: 15, 1: 3, 2: 1, 3: 1, 4: 0}",0
883,False,"{'a': 0.1, 'e': 0.9442768504319128}",25,0,-97.18783085126971,"{0: 16, 1: 4, 2: 3, 3: 1, 4: 1}",0
884,False,"{'a': 0.1, 'e': 0.9066990016890745}",25,10,-102.0084283760017,"{0: 9, 1: 0, 2: 4, 3: 0, 4: 2}",1
885,False,"{'a': 0.1, 'e': 0.8600617162362019}",20,0,-95.04555716298125,"{0: 12, 1: 1, 2: 5, 3: 1, 4: 1}",0
886,False,"{'a': 0.1, 'e': 0.8048309784132947}",30,0,-103.88096157098968,"{0: 23, 1: 1, 2: 3, 3: 1, 4: 2}",0
887,False,"{'a': 0.1, 'e': 0.7415586354958403}",20,0,-86.64636504719891,"{0: 12, 1: 3, 2: 4, 3: 0, 4: 1}",0
888,False,"{'a': 0.1, 'e': 0.6708768838191963}",20,0,-94.40891717149431,"{0: 10, 1: 3, 2: 5, 3: 2, 4: 0}",0
889,False,"{'a': 0.1, 'e': 0.5934919520818551}",20,0,-44.88513187131597,"{0: 15, 1: 3, 2: 1, 3: 0, 4: 1}",0
890,False,"{'a': 0.1, 'e': 0.5101770449416689}",20,14,11.831796635571635,"{0: 6, 1: 0, 2: 0, 3: 0, 4: 0}",1
891,False,"{'a': 0.1, 'e': 0.4217646174105228}",20,0,4.424190494732608,"{0: 18, 1: 0, 2: 2, 3: 0, 4: 0}",0
892,False,"{'a': 0.1, 'e': 0.3291380572390701}",35,6,13.583343631395165,"{0: 26, 1: 1, 2: 2, 3: 0, 4: 0}",1
893,False,"{'a': 0.1, 'e': 0.23322285839824772}",25,13,11.00474605393884,"{0: 11, 1: 0, 2: 1, 3: 0, 4: 0}",1
894,False,"{'a': 0.1, 'e': 0.13497737384955097}",25,12,12.930253103944741,"{0: 12, 1: 0, 2: 1, 3: 0, 4: 0}",1
895,False,"{'a': 0.1, 'e': 0.03538323999893738}",30,14,29.140745320001187,"{0: 16, 1: 0, 2: 0, 3: 0, 4: 0}",1
896,False,"{'a': 0.1, 'e': 0.06456443148961562}",30,22,13.955321874426051,"{0: 8, 1: 0, 2: 0, 3: 0, 4: 0}",1
897,False,"{'a': 0.1, 'e': 0.16386699652087378}",20,0,32.52660865411216,"{0: 20, 1: 0, 2: 0, 3: 0, 4: 0}",0
898,False,"{'a': 0.1, 'e': 0.26153225669013663}",20,1,-4.307656627683078,"{0: 16, 1: 2, 2: 0, 3: 1, 4: 0}",1
899,False,"{'a': 0.1, 'e': 0.35658437300160806}",35,20,-28.473827998476878,"{0: 13, 1: 0, 2: 1, 3: 0, 4: 1}",1
900,False,"{'a': 0.1, 'e': 0.4480736161291701}",20,3,27.21587598106194,"{0: 17, 1: 0, 2: 0, 3: 0, 4: 0}",1
901,False,"{'a': 0.1, 'e': 0.5350858557978274}",20,9,-47.632954471502075,"{0: 8, 1: 0, 2: 2, 3: 0, 4: 1}",1
902,False,"{'a': 0.1, 'e': 0.6167516944712085}",20,5,-47.921387290457105,"{0: 12, 1: 0, 2: 1, 3: 1, 4: 1}",1
903,False,"{'a': 0.1, 'e': 0.692255154084449}",20,2,-53.017982795459965,"{0: 13, 1: 1, 2: 3, 3: 0, 4: 1}",1
904,False,"{'a': 0.1, 'e': 0.7608418290271979}",25,0,-67.58175665737892,"{0: 19, 1: 0, 2: 5, 3: 0, 4: 1}",0
905,False,"{'a': 0.1, 'e': 0.8218264239151786}",25,0,-52.42177331846234,"{0: 17, 1: 1, 2: 7, 3: 0, 4: 0}",0
906,False,"{'a': 0.1, 'e': 0.8745996008351044}",20,0,-70.45576389848742,"{0: 11, 1: 3, 2: 5, 3: 1, 4: 0}",0
907,False,"{'a': 0.1, 'e': 0.9186340676476693}",25,15,-18.727633682050108,"{0: 7, 1: 0, 2: 3, 3: 0, 4: 0}",1
908,False,"{'a': 0.1, 'e': 0.9534898465163544}",20,0,-92.7051840067941,"{0: 13, 1: 2, 2: 2, 3: 2, 4: 1}",0
909,False,"{'a': 0.1, 'e': 0.9788186700204824}",20,0,0.814622584739598,"{0: 17, 1: 2, 2: 1, 3: 0, 4: 0}",0
910,False,"{'a': 0.1, 'e': 0.9943674609282015}",20,0,-170.12782114925008,"{0: 11, 1: 1, 2: 4, 3: 1, 4: 3}",0
911,False,"{'a': 0.1, 'e': 0.999980860860509}",20,12,-33.7817025982712,"{0: 5, 1: 0, 2: 2, 3: 1, 4: 0}",1
912,False,"{'a': 0.1, 'e': 0.9956027825808228}",20,0,-144.2765717453994,"{0: 11, 1: 0, 2: 6, 3: 1, 4: 2}",0
913,False,"{'a': 0.1, 'e': 0.9812769704001121}",25,0,-139.83888102963664,"{0: 12, 1: 2, 2: 10, 3: 0, 4: 1}",0
914,False,"{'a': 0.1, 'e': 0.9571465630982068}",25,0,-149.74788080584378,"{0: 17, 1: 1, 2: 4, 3: 0, 4: 3}",0
915,False,"{'a': 0.1, 'e': 0.9234526637284138}",20,0,-115.44581470114457,"{0: 10, 1: 1, 2: 6, 3: 3, 4: 0}",0
916,False,"{'a': 0.1, 'e': 0.8805319305955073}",30,0,-250.14299869245406,"{0: 16, 1: 1, 2: 8, 3: 1, 4: 4}",0
917,False,"{'a': 0.1, 'e': 0.828813213477255}",20,0,-130.4563460011019,"{0: 12, 1: 2, 2: 3, 3: 1, 4: 2}",0
918,False,"{'a': 0.1, 'e': 0.7688132686991532}",25,0,-79.89026294268737,"{0: 17, 1: 2, 2: 5, 3: 0, 4: 1}",0
919,False,"{'a': 0.1, 'e': 0.7011315958760967}",20,0,-25.297428872827016,"{0: 15, 1: 1, 2: 4, 3: 0, 4: 0}",0
920,False,"{'a': 0.1, 'e': 0.626444447910339}",25,0,-41.79187879956789,"{0: 19, 1: 0, 2: 5, 3: 1, 4: 0}",0
921,False,"{'a': 0.1, 'e': 0.5454980740960533}",20,0,-44.478736835045936,"{0: 14, 1: 3, 2: 2, 3: 1, 4: 0}",0
922,False,"{'a': 0.1, 'e': 0.4591012638431009}",35,7,-38.141879137999105,"{0: 23, 1: 1, 2: 3, 3: 0, 4: 1}",1
923,False,"{'a': 0.1, 'e': 0.36811726552051666}",25,18,11.392192827693245,"{0: 7, 1: 0, 2: 0, 3: 0, 4: 0}",1
924,False,"{'a': 0.1, 'e': 0.27345516116425417}",20,8,21.886249702272092,"{0: 12, 1: 0, 2: 0, 3: 0, 4: 0}",1
925,False,"{'a': 0.1, 'e': 0.17606078322989716}",20,0,-42.604904820340494,"{0: 17, 1: 0, 2: 1, 3: 1, 4: 1}",0
926,False,"{'a': 0.1, 'e': 0.07690726414745035}",25,11,24.32610176177219,"{0: 14, 1: 0, 2: 0, 3: 0, 4: 0}",1
927,False,"{'a': 0.1, 'e': 0.02301468689618212}",20,0,32.456569217131666,"{0: 20, 1: 0, 2: 0, 3: 0, 4: 0}",0
928,False,"{'a': 0.1, 'e': 0.12270668279600609}",20,8,10.620031447428193,"{0: 11, 1: 0, 2: 1, 3: 0, 4: 0}",1
929,False,"{'a': 0.1, 'e': 0.22117263408275487}",25,4,12.549658818174642,"{0: 19, 1: 0, 2: 2, 3: 0, 4: 0}",1
930,False,"{'a': 0.1, 'e': 0.31742870151970165}",20,5,1.9089348970438362,"{0: 13, 1: 0, 2: 2, 3: 0, 4: 0}",1
931,False,"{'a': 0.1, 'e': 0.4105131262990551}",20,0,-21.315738132257902,"{0: 16, 1: 1, 2: 2, 3: 1, 4: 0}",1
932,False,"{'a': 0.1, 'e': 0.4994958396180135}",20,0,-5.58649172815799,"{0: 17, 1: 0, 2: 3, 3: 0, 4: 0}",0
933,False,"{'a': 0.1, 'e': 0.5834877556188933}",30,6,-70.54788289971506,"{0: 16, 1: 3, 2: 4, 3: 0, 4: 1}",1
934,False,"{'a': 0.1, 'e': 0.6616496548410261}",25,5,-198.2777599643785,"{0: 13, 1: 0, 2: 1, 3: 2, 4: 4}",1
935,False,"{'a': 0.1, 'e': 0.7332005694242856}",30,7,-44.97404769295163,"{0: 19, 1: 0, 2: 3, 3: 0, 4: 1}",1
936,False,"{'a': 0.1, 'e': 0.7974255862817522}",30,0,-78.17548066206494,"{0: 20, 1: 7, 2: 1, 3: 1, 4: 1}",0
937,False,"{'a': 0.1, 'e': 0.8536829902749359}",20,0,-94.9590866159975,"{0: 14, 1: 1, 2: 3, 3: 0, 4: 2}",0
938,False,"{'a': 0.1, 'e': 0.9014106760193782}",20,8,-57.09612134044063,"{0: 8, 1: 0, 2: 3, 3: 0, 4: 1}",1
939,False,"{'a': 0.1, 'e': 0.9401317642557823}",30,0,-96.62811646241539,"{0: 23, 1: 3, 2: 1, 3: 1, 4: 2}",0
940,False,"{'a': 0.1, 'e': 0.9694593666699876}",20,0,-72.77725349127144,"{0: 12, 1: 5, 2: 0, 3: 3, 4: 0}",0
941,False,"{'a': 0.1, 'e': 0.98910045155309}",20,0,-10.226295124746413,"{0: 16, 1: 2, 2: 2, 3: 0, 4: 0}",0
942,False,"{'a': 0.1, 'e': 0.9988587716774113}",30,0,-171.8372843932827,"{0: 15, 1: 3, 2: 10, 3: 0, 4: 2}",0
943,False,"{'a': 0.1, 'e': 0.998636825133944}",20,0,-96.79151920341779,"{0: 11, 1: 2, 2: 6, 3: 0, 4: 1}",0
944,False,"{'a': 0.1, 'e': 0.9884368295391845}",20,0,-62.95263790942888,"{0: 10, 1: 5, 2: 5, 3: 0, 4: 0}",0
945,False,"{'a': 0.1, 'e': 0.9683606998774463}",35,0,-187.55268325378142,"{0: 19, 1: 4, 2: 9, 3: 1, 4: 2}",0
946,False,"{'a': 0.1, 'e': 0.9386090302000182}",30,0,-44.210199858208476,"{0: 25, 1: 2, 2: 2, 3: 0, 4: 1}",0
947,False,"{'a': 0.1, 'e': 0.8994790893557311}",25,0,-175.10704376225092,"{0: 14, 1: 2, 2: 6, 3: 0, 4: 3}",0
948,False,"{'a': 0.1, 'e': 0.8513618507788512}",20,0,-97.54372606569173,"{0: 14, 1: 2, 2: 2, 3: 0, 4: 2}",0
949,False,"{'a': 0.1, 'e': 0.7947380860118082}",20,0,-40.988731522349575,"{0: 15, 1: 1, 2: 3, 3: 1, 4: 0}",0
950,False,"{'a': 0.1, 'e': 0.7301735609948197}",20,13,-9.507787143553514,"{0: 5, 1: 0, 2: 2, 3: 0, 4: 0}",1
951,False,"{'a': 0.1, 'e': 0.6583133831196504}",25,18,-1.0206084021637025,"{0: 5, 1: 2, 2: 0, 3: 0, 4: 0}",1
952,False,"{'a': 0.1, 'e': 0.5798755555298325}",25,10,-40.283321563805735,"{0: 12, 1: 0, 2: 2, 3: 0, 4: 1}",1
953,False,"{'a': 0.1, 'e': 0.49564380307052297}",30,6,-48.53026776804522,"{0: 16, 1: 2, 2: 6, 3: 0, 4: 0}",1
954,False,"{'a': 0.1, 'e': 0.4064597415690034}",35,17,7.2986382944711705,"{0: 16, 1: 0, 2: 2, 3: 0, 4: 0}",1
955,False,"{'a': 0.1, 'e': 0.31321446868745406}",25,7,-24.7692149245243,"{0: 16, 1: 0, 2: 1, 3: 0, 4: 1}",1
956,False,"{'a': 0.1, 'e': 0.21683966036970423}",20,13,12.149509306927667,"{0: 7, 1: 0, 2: 0, 3: 0, 4: 0}",1
957,False,"{'a': 0.1, 'e': 0.118298261843216}",20,16,8.479219678237055,"{0: 4, 1: 0, 2: 0, 3: 0, 4: 0}",1
958,False,"{'a': 0.1, 'e': 0.018574866188582624}",20,7,24.82985455421379,"{0: 13, 1: 0, 2: 0, 3: 0, 4: 0}",1
959,False,"{'a': 0.1, 'e': 0.08133412338895851}",20,6,25.08685261638162,"{0: 14, 1: 0, 2: 0, 3: 0, 4: 0}",1
960,False,"{'a': 0.1, 'e': 0.18043044929108396}",20,2,-12.607748488135964,"{0: 17, 1: 0, 2: 0, 3: 0, 4: 1}",1
961,False,"{'a': 0.1, 'e': 0.2777239737862836}",20,16,6.5044201943516455,"{0: 4, 1: 0, 2: 0, 3: 0, 4: 0}",1
962,False,"{'a': 0.1, 'e': 0.3722425721387373}",25,19,11.89510423007117,"{0: 6, 1: 0, 2: 0, 3: 0, 4: 0}",1
963,False,"{'a': 0.1, 'e': 0.46304184575742857}",20,0,-44.5079576458344,"{0: 17, 1: 1, 2: 0, 3: 1, 4: 1}",0
964,False,"{'a': 0.1, 'e': 0.5492145583145832}",25,0,-61.52125535601945,"{0: 21, 1: 1, 2: 1, 3: 0, 4: 2}",0
965,False,"{'a': 0.1, 'e': 0.6298997005512549}",25,3,-79.64621686390957,"{0: 17, 1: 2, 2: 1, 3: 0, 4: 2}",1
966,False,"{'a': 0.1, 'e': 0.7042910931971872}",25,0,-30.386884338680446,"{0: 22, 1: 1, 2: 1, 3: 0, 4: 1}",0
967,False,"{'a': 0.1, 'e': 0.7716454420475659}",20,2,-43.14654649478786,"{0: 11, 1: 4, 2: 2, 3: 1, 4: 0}",1
968,False,"{'a': 0.1, 'e': 0.8312897647130846}",20,0,-45.0436349195994,"{0: 14, 1: 2, 2: 3, 3: 1, 4: 0}",0
969,False,"{'a': 0.1, 'e': 0.8826281148374443}",20,0,-68.3164352713282,"{0: 14, 1: 3, 2: 1, 3: 1, 4: 1}",0
970,False,"{'a': 0.1, 'e': 0.9251475365964139}",25,0,-235.9204128828585,"{0: 9, 1: 6, 2: 6, 3: 0, 4: 4}",0
971,False,"{'a': 0.1, 'e': 0.958423189982834}",20,0,-115.75569567512458,"{0: 12, 1: 2, 2: 2, 3: 3, 4: 1}",0
972,False,"{'a': 0.1, 'e': 0.9821225956675267}",20,10,-18.20210081141236,"{0: 6, 1: 2, 2: 2, 3: 0, 4: 0}",1
973,False,"{'a': 0.1, 'e': 0.9960089570228793}",20,0,-51.63875164946387,"{0: 13, 1: 2, 2: 4, 3: 1, 4: 0}",0
974,False,"{'a': 0.1, 'e': 0.9999435261164458}",20,0,-139.2708372796627,"{0: 13, 1: 1, 2: 3, 3: 0, 4: 3}",0
975,False,"{'a': 0.1, 'e': 0.9938869900344416}",25,0,-32.38544346816953,"{0: 18, 1: 3, 2: 4, 3: 0, 4: 0}",0
976,False,"{'a': 0.1, 'e': 0.9778998636833706}",20,0,-208.77454255863037,"{0: 9, 1: 1, 2: 5, 3: 2, 4: 3}",0
977,False,"{'a': 0.1, 'e': 0.9521418851450957}",20,4,-116.47893562108177,"{0: 9, 1: 0, 2: 5, 3: 0, 4: 2}",1
978,False,"{'a': 0.1, 'e': 0.9168704196267085}",30,0,-152.2498071243942,"{0: 16, 1: 5, 2: 7, 3: 0, 4: 2}",0
979,False,"{'a': 0.1, 'e': 0.8724378879524822}",25,0,-102.01550368063236,"{0: 16, 1: 2, 2: 5, 3: 1, 4: 1}",0
980,False,"{'a': 0.1, 'e': 0.8192882452914593}",35,0,-128.19550914417377,"{0: 24, 1: 3, 2: 6, 3: 0, 4: 2}",0
981,False,"{'a': 0.1, 'e': 0.7579525453041631}",30,0,-82.49027310306282,"{0: 20, 1: 6, 2: 2, 3: 1, 4: 1}",0
982,False,"{'a': 0.1, 'e': 0.6890436340299974}",20,13,-24.583565624897087,"{0: 4, 1: 2, 2: 0, 3: 1, 4: 0}",1
983,False,"{'a': 0.1, 'e': 0.6132500265321364}",20,10,4.730671779644227,"{0: 9, 1: 0, 2: 1, 3: 0, 4: 0}",1
984,False,"{'a': 0.1, 'e': 0.5313290274826848}",20,2,7.14441294841486,"{0: 16, 1: 1, 2: 1, 3: 0, 4: 0}",1
985,False,"{'a': 0.1, 'e': 0.44409916442465225}",20,0,-0.9629198641058565,"{0: 17, 1: 1, 2: 2, 3: 0, 4: 0}",0
986,False,"{'a': 0.1, 'e': 0.35243200931534197}",20,0,-14.212690949857691,"{0: 19, 1: 0, 2: 0, 3: 0, 4: 1}",0
987,False,"{'a': 0.1, 'e': 0.25724347006749937}",25,11,-17.356936934531653,"{0: 13, 1: 0, 2: 0, 3: 0, 4: 1}",1
988,False,"{'a': 0.1, 'e': 0.15948463910011432}",25,0,23.423997847429224,"{0: 23, 1: 2, 2: 0, 3: 0, 4: 0}",0
989,False,"{'a': 0.1, 'e': 0.060132290337467434}",25,18,14.334848801445595,"{0: 7, 1: 0, 2: 0, 3: 0, 4: 0}",1
990,False,"{'a': 0.1, 'e': 0.0398208803931389}",20,0,26.871030910905255,"{0: 20, 1: 0, 2: 0, 3: 0, 4: 0}",1
991,False,"{'a': 0.1, 'e': 0.1393761740499041}",20,2,-10.421656470711621,"{0: 17, 1: 0, 2: 0, 3: 0, 4: 1}",1
992,False,"{'a': 0.1, 'e': 0.23753886704718638}",25,0,-79.05184107928498,"{0: 20, 1: 0, 2: 3, 3: 0, 4: 2}",0
993,False,"{'a': 0.1, 'e': 0.33332815020485684}",20,0,-23.681329290514338,"{0: 18, 1: 0, 2: 1, 3: 0, 4: 1}",0
994,False,"{'a': 0.1, 'e': 0.4257869286693041}",30,2,-84.46929334267257,"{0: 22, 1: 2, 2: 2, 3: 0, 4: 2}",1
995,False,"{'a': 0.1, 'e': 0.5139913848889341}",20,10,-31.527795776677607,"{0: 5, 1: 2, 2: 3, 3: 0, 4: 0}",1
996,False,"{'a': 0.1, 'e': 0.5970602090937286}",20,0,-42.50481536891663,"{0: 17, 1: 1, 2: 0, 3: 1, 4: 1}",0
997,False,"{'a': 0.1, 'e': 0.6741634050511123}",20,11,-14.012297495070655,"{0: 6, 1: 1, 2: 2, 3: 0, 4: 0}",1
998,False,"{'a': 0.1, 'e': 0.7445305831140288}",25,2,-113.0036933325147,"{0: 15, 1: 1, 2: 5, 3: 0, 4: 2}",1
999,False,"{'a': 0.1, 'e': 0.80745865769955}",25,13,-51.174741876912094,"{0: 8, 1: 1, 2: 2, 3: 0, 4: 1}",1
1000,False,"{'a': 0.1, 'e': 0.8623188722876839}",20,0,-118.83806235559808,"{0: 13, 1: 1, 2: 3, 3: 1, 4: 2}",0
1001,False,"{'a': 0.1, 'e': 0.9085630817486479}",20,0,-85.85294066570286,"{0: 13, 1: 1, 2: 5, 3: 0, 4: 1}",0
1002,False,"{'a': 0.1, 'e': 0.9457292292277979}",30,0,-91.33187521007855,"{0: 18, 1: 3, 2: 9, 3: 0, 4: 0}",0
1003,False,"{'a': 0.1, 'e': 0.973445962865028}",25,0,-85.9981018094756,"{0: 19, 1: 2, 2: 2, 3: 0, 4: 2}",0
1004,False,"{'a': 0.1, 'e': 0.9914363462197612}",30,0,-152.70618001683977,"{0: 16, 1: 4, 2: 7, 3: 2, 4: 1}",0
1005,False,"{'a': 0.1, 'e': 0.9995206253283515}",20,0,-73.2633197861934,"{0: 13, 1: 2, 2: 4, 3: 0, 4: 1}",0
1006,False,"{'a': 0.1, 'e': 0.9976180247462524}",20,0,-93.55252736747812,"{0: 13, 1: 1, 2: 4, 3: 1, 4: 1}",0
1007,False,"{'a': 0.1, 'e': 0.9857475546295646}",20,15,-1.198116607967573,"{0: 4, 1: 0, 2: 1, 3: 0, 4: 0}",1
1008,False,"{'a': 0.1, 'e': 0.9640278207918351}",25,0,-123.54386694652524,"{0: 15, 1: 1, 2: 6, 3: 2, 4: 1}",0
1009,False,"{'a': 0.1, 'e': 0.932675839633987}",20,0,-81.08419380027918,"{0: 11, 1: 1, 2: 7, 3: 1, 4: 0}",0
1010,False,"{'a': 0.1, 'e': 0.8920048697881602}",30,0,-123.39895054296542,"{0: 20, 1: 2, 2: 6, 3: 0, 4: 2}",0
1011,False,"{'a': 0.1, 'e': 0.842421282141011}",25,0,-114.6074665249121,"{0: 13, 1: 4, 2: 5, 3: 3, 4: 0}",0
1012,False,"{'a': 0.1, 'e': 0.784420499510169}",30,0,-162.08298760557696,"{0: 17, 1: 3, 2: 7, 3: 1, 4: 2}",0
1013,False,"{'a': 0.1, 'e': 0.7185820465431555}",20,0,0.7893033960529078,"{0: 17, 1: 2, 2: 1, 3: 0, 4: 0}",0
1014,False,"{'a': 0.1, 'e': 0.6455637592987364}",30,0,-173.52314818769662,"{0: 19, 1: 1, 2: 7, 3: 0, 4: 3}",0
1015,False,"{'a': 0.1, 'e': 0.5660952123664124}",20,9,-5.4480993438603935,"{0: 9, 1: 0, 2: 2, 3: 0, 4: 0}",1
1016,False,"{'a': 0.1, 'e': 0.48097042919830946}",30,9,-30.803258475419625,"{0: 15, 1: 1, 2: 5, 3: 0, 4: 0}",1
1017,False,"{'a': 0.1, 'e': 0.3910399484893553}",25,9,-16.369047121002744,"{0: 13, 1: 0, 2: 2, 3: 1, 4: 0}",1
1018,False,"{'a': 0.1, 'e': 0.2972023258757038}",25,13,-41.70290514388786,"{0: 9, 1: 0, 2: 2, 3: 0, 4: 1}",1
1019,False,"{'a': 0.1, 'e': 0.20039515586394296}",20,1,-4.465192182944208,"{0: 17, 1: 0, 2: 1, 3: 1, 4: 0}",1
1020,False,"{'a': 0.1, 'e': 0.10158570369662134}",20,13,11.340523721541338,"{0: 7, 1: 0, 2: 0, 3: 0, 4: 0}",1
1021,False,"{'a': 0.1, 'e': 0.0017612407577180785}",25,18,12.989379712840979,"{0: 7, 1: 0, 2: 0, 3: 0, 4: 0}",1
1022,False,"{'a': 0.1, 'e': 0.09808081991663337}",25,10,26.697438420892876,"{0: 15, 1: 0, 2: 0, 3: 0, 4: 0}",1
1023,False,"{'a': 0.1, 'e': 0.19694288945960042}",30,17,-0.8082940713042395,"{0: 11, 1: 0, 2: 2, 3: 0, 4: 0}",1
1024,False,"{'a': 0.1, 'e': 0.29383717075173715}",25,9,-16.358733275153664,"{0: 12, 1: 1, 2: 3, 3: 0, 4: 0}",1
1025,False,"{'a': 0.1, 'e': 0.3877955281633778}",20,0,-57.25823962607139,"{0: 18, 1: 0, 2: 0, 3: 0, 4: 2}",0
1026,False,"{'a': 0.1, 'e': 0.4778791608457815}",20,0,-10.873905487419618,"{0: 17, 1: 0, 2: 3, 3: 0, 4: 0}",0
1027,False,"{'a': 0.1, 'e': 0.5631879829188501}",25,11,-7.656356689764483,"{0: 11, 1: 0, 2: 3, 3: 0, 4: 0}",1
1028,False,"{'a': 0.1, 'e': 0.642869616831801}",20,0,-67.66605205201071,"{0: 16, 1: 0, 2: 1, 3: 2, 4: 1}",0
1029,False,"{'a': 0.1, 'e': 0.7161279100377997}",25,14,-35.73510209159589,"{0: 8, 1: 1, 2: 0, 3: 2, 4: 0}",1
1030,False,"{'a': 0.1, 'e': 0.7822308898871159}",20,14,10.615373859768237,"{0: 6, 1: 0, 2: 0, 3: 0, 4: 0}",1
1031,False,"{'a': 0.1, 'e': 0.8405180772558429}",20,16,6.2897624798193545,"{0: 4, 1: 0, 2: 0, 3: 0, 4: 0}",1
1032,False,"{'a': 0.1, 'e': 0.8904070858349585}",20,5,-25.64330962959067,"{0: 12, 1: 0, 2: 2, 3: 1, 4: 0}",1
1033,False,"{'a': 0.1, 'e': 0.931399441141868}",30,12,-89.77618426043692,"{0: 11, 1: 1, 2: 4, 3: 1, 4: 1}",1
1034,False,"{'a': 0.1, 'e': 0.9630855611126041}",20,0,-132.96093748609601,"{0: 9, 1: 2, 2: 7, 3: 1, 4: 1}",0
1035,False,"{'a': 0.1, 'e': 0.9851488485104646}",25,0,-118.3060456126972,"{0: 13, 1: 4, 2: 7, 3: 0, 4: 1}",0
1036,False,"{'a': 0.1, 'e': 0.9973688542609243}",25,12,-23.06502232501655,"{0: 9, 1: 2, 2: 1, 3: 1, 4: 0}",1
1037,False,"{'a': 0.1, 'e': 0.9996234801059177}",25,0,-164.9486551441265,"{0: 15, 1: 0, 2: 6, 3: 2, 4: 2}",0
1038,False,"{'a': 0.1, 'e': 0.9918901985692828}",20,0,-13.240149189134154,"{0: 16, 1: 2, 2: 2, 3: 0, 4: 0}",0
1039,False,"{'a': 0.1, 'e': 0.9742462780438528}",20,0,-105.89980313186298,"{0: 10, 1: 5, 2: 3, 3: 1, 4: 1}",0
1040,False,"{'a': 0.1, 'e': 0.9468680107512125}",30,0,-172.8332785385109,"{0: 16, 1: 3, 2: 8, 3: 1, 4: 2}",0
1041,False,"{'a': 0.1, 'e': 0.9100289512880924}",35,0,-232.09962456563142,"{0: 20, 1: 4, 2: 5, 3: 3, 4: 3}",0
1042,False,"{'a': 0.1, 'e': 0.8640971833592841}",20,0,-167.27542173507524,"{0: 11, 1: 3, 2: 2, 3: 1, 4: 3}",0
1043,False,"{'a': 0.1, 'e': 0.8095316420068955}",30,10,-25.874021216365296,"{0: 14, 1: 4, 2: 1, 3: 1, 4: 0}",1
1044,False,"{'a': 0.1, 'e': 0.7468775280831653}",25,0,-64.53425651465287,"{0: 17, 1: 3, 2: 3, 3: 2, 4: 0}",0
1045,False,"{'a': 0.1, 'e': 0.6767608607837156}",20,8,-6.766629450016598,"{0: 9, 1: 1, 2: 2, 3: 0, 4: 0}",1
1046,False,"{'a': 0.1, 'e': 0.5998822226707023}",30,0,-93.50287599118735,"{0: 21, 1: 1, 2: 6, 3: 1, 4: 1}",0
1047,False,"{'a': 0.1, 'e': 0.5170097596834735}",25,11,-35.65097772565153,"{0: 9, 1: 0, 2: 5, 3: 0, 4: 0}",1
1048,False,"{'a': 0.1, 'e': 0.42897150607817996}",25,11,23.831685041321585,"{0: 14, 1: 0, 2: 0, 3: 0, 4: 0}",1
1049,False,"{'a': 0.1, 'e': 0.33664711098329314}",25,13,-6.748717047985457,"{0: 9, 1: 1, 2: 2, 3: 0, 4: 0}",1
1050,False,"{'a': 0.1, 'e': 0.24095904923620143}",20,11,-24.332822950882246,"{0: 8, 1: 0, 2: 0, 3: 0, 4: 1}",1
1051,False,"{'a': 0.1, 'e': 0.14286340431959965}",20,16,6.8729855076405295,"{0: 4, 1: 0, 2: 0, 3: 0, 4: 0}",1
1052,False,"{'a': 0.1, 'e': 0.04334031549141325}",20,15,8.38011139072065,"{0: 5, 1: 0, 2: 0, 3: 0, 4: 0}",1
1053,False,"{'a': 0.1, 'e': 0.056615815442773935}",20,4,15.964596223552878,"{0: 15, 1: 0, 2: 1, 3: 0, 4: 0}",1
1054,False,"{'a': 0.1, 'e': 0.1560062598637432}",20,12,-9.36849441023756,"{0: 7, 1: 0, 2: 0, 3: 1, 4: 0}",1
1055,False,"{'a': 0.1, 'e': 0.2538379413049674}",25,12,-32.50892236587802,"{0: 11, 1: 0, 2: 1, 3: 0, 4: 1}",1
1056,False,"{'a': 0.1, 'e': 0.3491333579443536}",25,0,-56.04694648487502,"{0: 17, 1: 2, 2: 5, 3: 1, 4: 0}",0
1057,False,"{'a': 0.1, 'e': 0.44094034947929067}",20,1,-21.512787721640485,"{0: 15, 1: 1, 2: 2, 3: 1, 4: 0}",1
1058,False,"{'a': 0.1, 'e': 0.5283416107977441}",30,16,-50.38984324728833,"{0: 9, 1: 2, 2: 2, 3: 0, 4: 1}",1
1059,False,"{'a': 0.1, 'e': 0.6104638573876111}",25,2,-51.109154214681176,"{0: 18, 1: 0, 2: 4, 3: 0, 4: 1}",1
1060,False,"{'a': 0.1, 'e': 0.6864865509069841}",25,0,-51.500567594069636,"{0: 19, 1: 2, 2: 3, 3: 0, 4: 1}",0
1061,False,"{'a': 0.1, 'e': 0.7556500977319883}",25,0,-65.79045571800005,"{0: 19, 1: 2, 2: 2, 3: 1, 4: 1}",0
1062,False,"{'a': 0.1, 'e': 0.8172634385651576}",20,0,-142.89022851992064,"{0: 10, 1: 4, 2: 3, 3: 1, 4: 2}",0
1063,False,"{'a': 0.1, 'e': 0.8707109532715671}",25,0,-136.08854885848967,"{0: 13, 1: 2, 2: 8, 3: 1, 4: 1}",0
1064,False,"{'a': 0.1, 'e': 0.9154586119516546}",20,0,-102.25684483363915,"{0: 14, 1: 2, 2: 1, 3: 1, 4: 2}",0
1065,False,"{'a': 0.1, 'e': 0.9510593107915064}",20,0,-109.46333696384791,"{0: 14, 1: 2, 2: 1, 3: 1, 4: 2}",0
1066,False,"{'a': 0.1, 'e': 0.977157339376344}",30,0,-134.25219393627415,"{0: 18, 1: 2, 2: 7, 3: 2, 4: 1}",0
1067,False,"{'a': 0.1, 'e': 0.9934919348314017}",25,7,-82.18274595957725,"{0: 10, 1: 3, 2: 4, 3: 0, 4: 1}",1
1068,False,"{'a': 0.1, 'e': 0.9998998872783967}",30,0,-178.79417892555088,"{0: 18, 1: 3, 2: 6, 3: 0, 4: 3}",0
1069,False,"{'a': 0.1, 'e': 0.9963171705746642}",20,0,-146.2394723755892,"{0: 12, 1: 2, 2: 2, 3: 1, 4: 3}",0
1070,False,"{'a': 0.1, 'e': 0.9827795820412206}",25,0,-164.70624718690686,"{0: 13, 1: 3, 2: 6, 3: 1, 4: 2}",0
1071,False,"{'a': 0.1, 'e': 0.9594223847877564}",30,0,-176.04489414936552,"{0: 15, 1: 4, 2: 9, 3: 0, 4: 2}",0
1072,False,"{'a': 0.1, 'e': 0.9264789562083721}",20,0,-89.62109099896632,"{0: 12, 1: 1, 2: 6, 3: 0, 4: 1}",0
1073,False,"{'a': 0.1, 'e': 0.8842784561517736}",25,0,-111.0648056588986,"{0: 15, 1: 3, 2: 5, 3: 1, 4: 1}",0
1074,False,"{'a': 0.1, 'e': 0.8332425380649078}",25,0,-54.362286688505996,"{0: 16, 1: 4, 2: 5, 3: 0, 4: 0}",0
1075,False,"{'a': 0.1, 'e': 0.7738811359710619}",35,2,-180.2683518293104,"{0: 20, 1: 5, 2: 4, 3: 1, 4: 3}",1
1076,False,"{'a': 0.1, 'e': 0.7067873693776765}",30,0,-130.58396571516053,"{0: 21, 1: 0, 2: 7, 3: 0, 4: 2}",0
1077,False,"{'a': 0.1, 'e': 0.6326316170223213}",35,23,-3.1420677820477936,"{0: 10, 1: 0, 2: 2, 3: 0, 4: 0}",1
1078,False,"{'a': 0.1, 'e': 0.5521548186698774}",30,1,-92.01083002159693,"{0: 24, 1: 0, 2: 2, 3: 1, 4: 2}",1
1079,False,"{'a': 0.1, 'e': 0.4661610718874123}",30,21,-7.90994345550488,"{0: 7, 1: 0, 2: 2, 3: 0, 4: 0}",1
1080,False,"{'a': 0.1, 'e': 0.3755095977670121}",20,0,-11.584702926407607,"{0: 16, 1: 1, 2: 3, 3: 0, 4: 0}",0
1081,False,"{'a': 0.1, 'e': 0.28110615587268056}",20,13,-10.947624818334253,"{0: 6, 1: 0, 2: 0, 3: 1, 4: 0}",1
1082,False,"{'a': 0.1, 'e': 0.1838939941902237}",25,3,-8.947304996215065,"{0: 21, 1: 0, 2: 0, 3: 0, 4: 1}",1
1083,False,"{'a': 0.1, 'e': 0.08484442450507679}",25,12,25.498691558457054,"{0: 13, 1: 0, 2: 0, 3: 0, 4: 0}",1
1084,False,"{'a': 0.1, 'e': 0.015052882623872842}",30,16,26.15144808700321,"{0: 14, 1: 0, 2: 0, 3: 0, 4: 0}",1
1085,False,"{'a': 0.1, 'e': 0.1147997863254662}",20,10,16.606209695993375,"{0: 10, 1: 0, 2: 0, 3: 0, 4: 0}",1
1086,False,"{'a': 0.1, 'e': 0.21339964850987359}",20,15,6.73056045060822,"{0: 5, 1: 0, 2: 0, 3: 0, 4: 0}",1
1087,False,"{'a': 0.1, 'e': 0.30986729194690166}",30,13,34.859671070743886,"{0: 17, 1: 0, 2: 0, 3: 0, 4: 0}",1
1088,False,"{'a': 0.1, 'e': 0.40323884383131814}",25,9,4.609721412438519,"{0: 14, 1: 0, 2: 2, 3: 0, 4: 0}",1
1089,False,"{'a': 0.1, 'e': 0.4925813664811991}",20,2,0.38876494447954446,"{0: 16, 1: 0, 2: 2, 3: 0, 4: 0}",1
1090,False,"{'a': 0.1, 'e': 0.577002178942952}",30,15,-70.9154172204139,"{0: 12, 1: 0, 2: 1, 3: 0, 4: 2}",1
1091,False,"{'a': 0.1, 'e': 0.6556577763642804}",25,0,-112.11666829777454,"{0: 18, 1: 1, 2: 3, 3: 1, 4: 2}",0
1092,False,"{'a': 0.1, 'e': 0.7277622580158117}",25,8,-22.90345641550008,"{0: 11, 1: 3, 2: 3, 3: 0, 4: 0}",1
1093,False,"{'a': 0.1, 'e': 0.792595179751477}",20,0,-85.19654319493563,"{0: 12, 1: 2, 2: 5, 3: 0, 4: 1}",0
1094,False,"{'a': 0.1, 'e': 0.8495087524481897}",30,0,-166.4768026343323,"{0: 16, 1: 4, 2: 7, 3: 1, 4: 2}",0
1095,False,"{'a': 0.1, 'e': 0.8979343145007}",35,4,-39.0868065358686,"{0: 22, 1: 4, 2: 5, 3: 0, 4: 0}",1
1096,False,"{'a': 0.1, 'e': 0.937388013700347}",20,6,-12.259543593970795,"{0: 12, 1: 0, 2: 1, 3: 1, 4: 0}",1
1097,False,"{'a': 0.1, 'e': 0.9674756417263753}",30,0,-283.4691158612962,"{0: 16, 1: 2, 2: 5, 3: 2, 4: 5}",0
1098,False,"{'a': 0.1, 'e': 0.9878965729452052}",20,0,-111.14741946888618,"{0: 11, 1: 2, 2: 5, 3: 1, 4: 1}",0
1099,False,"{'a': 0.1, 'e': 0.9984467681623544}",20,0,-83.78171192725699,"{0: 13, 1: 0, 2: 4, 3: 3, 4: 0}",0
1100,False,"{'a': 0.1, 'e': 0.999020813314648}",25,0,-162.0375764958207,"{0: 16, 1: 1, 2: 4, 3: 1, 4: 3}",0
1101,False,"{'a': 0.1, 'e': 0.9896129727326761}",30,0,-227.36787450559197,"{0: 16, 1: 4, 2: 5, 3: 1, 4: 4}",0
1102,False,"{'a': 0.1, 'e': 0.970317246449718}",25,0,-144.4072208445115,"{0: 14, 1: 3, 2: 6, 3: 0, 4: 2}",0
1103,False,"{'a': 0.1, 'e': 0.9413264309844682}",25,0,-121.00082810429396,"{0: 16, 1: 2, 2: 5, 3: 0, 4: 2}",0
1104,False,"{'a': 0.1, 'e': 0.9029301929819743}",25,0,-79.04504899848786,"{0: 16, 1: 4, 2: 4, 3: 0, 4: 1}",0
1105,False,"{'a': 0.1, 'e': 0.855512174960245}",20,0,-87.46558637002074,"{0: 12, 1: 3, 2: 3, 3: 1, 4: 1}",0
1106,False,"{'a': 0.1, 'e': 0.799546162081032}",20,0,-41.39629742504184,"{0: 14, 1: 1, 2: 5, 3: 0, 4: 0}",0
1107,False,"{'a': 0.1, 'e': 0.735591348245136}",20,0,-38.153642162722235,"{0: 16, 1: 2, 2: 1, 3: 0, 4: 1}",0
1108,False,"{'a': 0.1, 'e': 0.6642867488117363}",35,17,6.386067902209721,"{0: 16, 1: 1, 2: 0, 3: 1, 4: 0}",1
1109,False,"{'a': 0.1, 'e': 0.586344815768225}",20,5,-20.87815954330806,"{0: 12, 1: 0, 2: 2, 3: 1, 4: 0}",1
1110,False,"{'a': 0.1, 'e': 0.5025443191453852}",20,0,-18.715378275082195,"{0: 15, 1: 2, 2: 3, 3: 0, 4: 0}",0
1111,False,"{'a': 0.1, 'e': 0.4137225658046984}",20,7,11.180315970824697,"{0: 12, 1: 1, 2: 0, 3: 0, 4: 0}",1
1112,False,"{'a': 0.1, 'e': 0.3207670333450015}",25,0,-53.1400508237127,"{0: 22, 1: 1, 2: 0, 3: 0, 4: 2}",0
1113,False,"{'a': 0.1, 'e': 0.2246065027195919}",30,17,-11.561816443052578,"{0: 11, 1: 0, 2: 1, 3: 1, 4: 0}",1
1114,False,"{'a': 0.1, 'e': 0.12620177816406053}",30,13,30.1466348997751,"{0: 17, 1: 0, 2: 0, 3: 0, 4: 0}",1
1115,False,"{'a': 0.1, 'e': 0.026536087157875483}",30,12,32.12301194808834,"{0: 18, 1: 0, 2: 0, 3: 0, 4: 0}",1
1116,False,"{'a': 0.1, 'e': 0.07339474365954099}",20,9,19.619324121998236,"{0: 11, 1: 0, 2: 0, 3: 0, 4: 0}",1
1117,False,"{'a': 0.1, 'e': 0.17259223845937388}",30,18,0.6185064258345987,"{0: 11, 1: 0, 2: 0, 3: 1, 4: 0}",1
1118,False,"{'a': 0.1, 'e': 0.27006524866394344}",35,11,44.87965150779712,"{0: 24, 1: 0, 2: 0, 3: 0, 4: 0}",1
1119,False,"{'a': 0.1, 'e': 0.3648398561755515}",20,10,8.05024622109643,"{0: 9, 1: 0, 2: 1, 3: 0, 4: 0}",1
1120,False,"{'a': 0.1, 'e': 0.4559691044442761}",25,0,-22.08837286327018,"{0: 19, 1: 2, 2: 4, 3: 0, 4: 0}",0
1121,False,"{'a': 0.1, 'e': 0.5425424601447527}",30,8,-27.884069498920372,"{0: 19, 1: 0, 2: 2, 3: 0, 4: 1}",1
1122,False,"{'a': 0.1, 'e': 0.6236949109241444}",30,0,-62.1043206911026,"{0: 24, 1: 0, 2: 3, 3: 3, 4: 0}",0
1123,False,"{'a': 0.1, 'e': 0.69861560831972}",30,22,3.0548121445363963,"{0: 7, 1: 0, 2: 1, 3: 0, 4: 0}",1
1124,False,"{'a': 0.1, 'e': 0.7665559694885716}",20,0,-48.86967641353878,"{0: 15, 1: 2, 2: 2, 3: 0, 4: 1}",0
1125,False,"{'a': 0.1, 'e': 0.8268371568000089}",30,0,-170.88482841430843,"{0: 17, 1: 3, 2: 7, 3: 1, 4: 2}",0
1126,False,"{'a': 0.1, 'e': 0.8788568605567341}",20,0,-68.18585932940688,"{0: 13, 1: 4, 2: 2, 3: 0, 4: 1}",0
1127,False,"{'a': 0.1, 'e': 0.922095317074223}",20,0,-61.94780120164889,"{0: 13, 1: 2, 2: 3, 3: 2, 4: 0}",0
1128,False,"{'a': 0.1, 'e': 0.9561205019876987}",20,0,-90.85207413677335,"{0: 11, 1: 1, 2: 6, 3: 2, 4: 0}",0
1129,False,"{'a': 0.1, 'e': 0.9805924468967268}",25,0,-164.02629412249013,"{0: 11, 1: 7, 2: 4, 3: 1, 4: 2}",0
1130,False,"{'a': 0.1, 'e': 0.9952666362171313}",20,0,-51.0180890458452,"{0: 13, 1: 2, 2: 5, 3: 0, 4: 0}",0
1131,False,"{'a': 0.1, 'e': 0.9999964502998647}",20,0,-107.31797952732593,"{0: 12, 1: 5, 2: 1, 3: 0, 4: 2}",0
1132,False,"{'a': 0.1, 'e': 0.9947346304060799}",25,10,-80.19587216722739,"{0: 9, 1: 1, 2: 3, 3: 1, 4: 1}",1
1133,False,"{'a': 0.1, 'e': 0.9795337509008276}",30,0,-156.98600626278593,"{0: 19, 1: 4, 2: 4, 3: 0, 4: 3}",0
1134,False,"{'a': 0.1, 'e': 0.9545456939473858}",20,0,-83.8163292179566,"{0: 13, 1: 1, 2: 5, 3: 0, 4: 1}",0
1135,False,"{'a': 0.1, 'e': 0.9200201319508784}",20,0,-114.35214331999808,"{0: 12, 1: 0, 2: 5, 3: 2, 4: 1}",0
1136,False,"{'a': 0.1, 'e': 0.8763020329141341}",35,0,-144.1904773031472,"{0: 25, 1: 2, 2: 4, 3: 2, 4: 2}",0
1137,False,"{'a': 0.1, 'e': 0.8238282136314583}",20,0,-91.27556389405376,"{0: 12, 1: 1, 2: 6, 3: 0, 4: 1}",0
1138,False,"{'a': 0.1, 'e': 0.7631229751595703}",20,0,-9.371681361447282,"{0: 17, 1: 1, 2: 2, 3: 0, 4: 0}",0
1139,False,"{'a': 0.1, 'e': 0.6947928641748141}",30,9,-18.462658412858485,"{0: 17, 1: 1, 2: 2, 3: 1, 4: 0}",1
1140,False,"{'a': 0.1, 'e': 0.6195206125592099}",25,7,24.313026009029386,"{0: 18, 1: 0, 2: 0, 3: 0, 4: 0}",1
1141,False,"{'a': 0.1, 'e': 0.5380583157691903}",20,12,-3.264895911652049,"{0: 6, 1: 1, 2: 1, 3: 0, 4: 0}",1
1142,False,"{'a': 0.1, 'e': 0.451219918146449}",25,0,-52.88325200812244,"{0: 22, 1: 1, 2: 0, 3: 0, 4: 2}",0
1143,False,"{'a': 0.1, 'e': 0.35987308025505027}",20,5,16.444748695357873,"{0: 14, 1: 1, 2: 0, 3: 0, 4: 0}",1
1144,False,"{'a': 0.1, 'e': 0.26493050950398056}",30,11,18.689372128647246,"{0: 18, 1: 1, 2: 0, 3: 0, 4: 0}",1
1145,False,"{'a': 0.1, 'e': 0.16734084067633054}",30,3,26.461915934168267,"{0: 25, 1: 2, 2: 0, 3: 0, 4: 0}",1
1146,False,"{'a': 0.1, 'e': 0.06807915748415617}",25,20,11.391040521256047,"{0: 5, 1: 0, 2: 0, 3: 0, 4: 0}",1
1147,False,"{'a': 0.1, 'e': 0.03186275014560829}",25,6,36.39397222934096,"{0: 19, 1: 0, 2: 0, 3: 0, 4: 0}",1
1148,False,"{'a': 0.1, 'e': 0.13148629570835685}",25,17,13.468157291156022,"{0: 8, 1: 0, 2: 0, 3: 0, 4: 0}",1
1149,False,"{'a': 0.1, 'e': 0.22979607366796417}",25,0,-8.965028785359877,"{0: 23, 1: 1, 2: 0, 3: 0, 4: 1}",0
1150,False,"{'a': 0.1, 'e': 0.3258098052199642}",20,0,-8.468445590694332,"{0: 17, 1: 0, 2: 3, 3: 0, 4: 0}",0
1151,False,"{'a': 0.1, 'e': 0.41856815289662247}",25,0,7.526382869222251,"{0: 22, 1: 1, 2: 2, 3: 0, 4: 0}",0
1152,False,"{'a': 0.1, 'e': 0.5071443059497606}",20,0,-80.4939861770966,"{0: 13, 1: 1, 2: 5, 3: 0, 4: 1}",0
1153,False,"{'a': 0.1, 'e': 0.59065324073748}",25,14,7.348565214548549,"{0: 10, 1: 0, 2: 1, 3: 0, 4: 0}",1
1154,False,"{'a': 0.1, 'e': 0.6682605635877422}",25,0,-58.65332266712663,"{0: 17, 1: 2, 2: 5, 3: 1, 4: 0}",0
1155,False,"{'a': 0.1, 'e': 0.7391908477842096}",25,0,-72.37986571459075,"{0: 16, 1: 2, 2: 6, 3: 1, 4: 0}",0
1156,False,"{'a': 0.1, 'e': 0.8027353813736345}",20,0,-162.12724790313246,"{0: 12, 1: 2, 2: 2, 3: 1, 4: 3}",0
1157,False,"{'a': 0.1, 'e': 0.8582592483814034}",35,0,-206.05484627022733,"{0: 19, 1: 6, 2: 6, 3: 1, 4: 3}",0
1158,False,"{'a': 0.1, 'e': 0.9052076726821409}",20,0,-194.1683473296679,"{0: 11, 1: 3, 2: 1, 3: 1, 4: 4}",0
1159,False,"{'a': 0.1, 'e': 0.943111561139306}",20,0,-150.52731738939588,"{0: 9, 1: 3, 2: 6, 3: 0, 4: 2}",0
1160,False,"{'a': 0.1, 'e': 0.9715921906288022}",30,0,-172.24950117610834,"{0: 19, 1: 2, 2: 4, 3: 3, 4: 2}",0
1161,False,"{'a': 0.1, 'e': 0.9903649921152167}",30,0,-136.50731089204646,"{0: 22, 1: 2, 2: 1, 3: 3, 4: 2}",0
1162,False,"{'a': 0.1, 'e': 0.999242393971555}",25,0,-161.9929957546376,"{0: 18, 1: 1, 2: 2, 3: 0, 4: 4}",0
1163,False,"{'a': 0.1, 'e': 0.9981356961329501}",20,0,-106.14928620921272,"{0: 14, 1: 2, 2: 1, 3: 1, 4: 2}",0
1164,False,"{'a': 0.1, 'e': 0.98705595635838}",30,0,-151.06436017618765,"{0: 19, 1: 2, 2: 4, 3: 4, 4: 1}",0
1165,False,"{'a': 0.1, 'e': 0.9661138797451976}",25,0,-137.55785361402081,"{0: 14, 1: 4, 2: 5, 3: 0, 4: 2}",0
1166,False,"{'a': 0.1, 'e': 0.9355187126003867}",20,0,-35.36140657685958,"{0: 15, 1: 1, 2: 3, 3: 1, 4: 0}",0
1167,False,"{'a': 0.1, 'e': 0.8955761517206492}",20,2,-103.56887269321302,"{0: 9, 1: 5, 2: 1, 3: 2, 4: 1}",1
1168,False,"{'a': 0.1, 'e': 0.8466852899710291}",20,6,-40.561185397344154,"{0: 10, 1: 0, 2: 3, 3: 1, 4: 0}",1
1169,False,"{'a': 0.1, 'e': 0.789334628680972}",20,0,-93.07536047885152,"{0: 12, 1: 2, 2: 4, 3: 1, 4: 1}",0
1170,False,"{'a': 0.1, 'e': 0.7240971967004738}",25,0,-131.5448355572046,"{0: 17, 1: 2, 2: 2, 3: 2, 4: 2}",0
1171,False,"{'a': 0.1, 'e': 0.6516248248852446}",30,0,-75.38146954434228,"{0: 24, 1: 2, 2: 2, 3: 0, 4: 2}",0
1172,False,"{'a': 0.1, 'e': 0.572641633218302}",25,13,-55.56253181458309,"{0: 9, 1: 0, 2: 1, 3: 1, 4: 1}",1
1173,False,"{'a': 0.1, 'e': 0.48793679564238746}",30,16,1.3041527725340116,"{0: 12, 1: 0, 2: 2, 3: 0, 4: 0}",1
1174,False,"{'a': 0.1, 'e': 0.398356654894887}",25,5,-60.35308771684296,"{0: 17, 1: 0, 2: 1, 3: 0, 4: 2}",1
1175,False,"{'a': 0.1, 'e': 0.3047962661308802}",25,12,5.2367120722311,"{0: 11, 1: 1, 2: 1, 3: 0, 4: 0}",1
1176,False,"{'a': 0.1, 'e': 0.20819045382793033}",20,5,-37.55969790751381,"{0: 13, 1: 0, 2: 0, 3: 1, 4: 1}",1
1177,False,"{'a': 0.1, 'e': 0.10950447132895996}",25,17,8.633830919756512,"{0: 7, 1: 1, 2: 0, 3: 0, 4: 0}",1
1178,False,"{'a': 0.1, 'e': 0.00972435634982221}",20,13,2.160546590575652,"{0: 6, 1: 0, 2: 1, 3: 0, 4: 0}",1
1179,False,"{'a': 0.1, 'e': 0.090152921183504}",25,18,11.139908945656876,"{0: 7, 1: 0, 2: 0, 3: 0, 4: 0}",1
1180,False,"{'a': 0.1, 'e': 0.1891294205289584}",25,16,14.834831916279354,"{0: 9, 1: 0, 2: 0, 3: 0, 4: 0}",1
1181,False,"{'a': 0.1, 'e': 0.28621620122237573}",25,17,14.183430619377505,"{0: 8, 1: 0, 2: 0, 3: 0, 4: 0}",1
1182,False,"{'a': 0.1, 'e': 0.38044320424366285}",20,14,2.200302823220041,"{0: 5, 1: 1, 2: 0, 3: 0, 4: 0}",1
1183,False,"{'a': 0.1, 'e': 0.4708689445259637}",25,0,-81.0619305954553,"{0: 19, 1: 2, 2: 2, 3: 0, 4: 2}",0
1184,False,"{'a': 0.1, 'e': 0.5565899179631275}",20,3,-7.734082953788391,"{0: 13, 1: 2, 2: 2, 3: 0, 4: 0}",1
1185,False,"{'a': 0.1, 'e': 0.6367496289241701}",25,0,-53.133322207252064,"{0: 20, 1: 1, 2: 3, 3: 0, 4: 1}",0
1186,False,"{'a': 0.1, 'e': 0.7105471480744562}",20,0,-118.13049469193187,"{0: 13, 1: 1, 2: 3, 3: 1, 4: 2}",0
1187,False,"{'a': 0.1, 'e': 0.7772451149968319}",35,0,-77.74650066307677,"{0: 25, 1: 3, 2: 5, 3: 2, 4: 0}",0
1188,False,"{'a': 0.1, 'e': 0.8361771056532442}",20,14,-3.3092941800052396,"{0: 5, 1: 0, 2: 1, 3: 0, 4: 0}",1
1189,False,"{'a': 0.1, 'e': 0.8867542910733637}",35,0,-110.12895987263767,"{0: 23, 1: 3, 2: 7, 3: 1, 4: 1}",0
1190,False,"{'a': 0.1, 'e': 0.9284713207390763}",20,0,-175.18787519614833,"{0: 8, 1: 2, 2: 6, 3: 2, 4: 2}",0
1191,False,"{'a': 0.1, 'e': 0.9609113718797828}",25,0,-63.50363740380284,"{0: 18, 1: 4, 2: 2, 3: 0, 4: 1}",0
1192,False,"{'a': 0.1, 'e': 0.9837503142277313}",20,0,-91.51436863417226,"{0: 11, 1: 3, 2: 5, 3: 0, 4: 1}",0
1193,False,"{'a': 0.1, 'e': 0.9967599486205382}",20,0,-60.34955604444072,"{0: 13, 1: 2, 2: 4, 3: 1, 4: 0}",0
1194,False,"{'a': 0.1, 'e': 0.99981028709176}",35,0,-197.687742271481,"{0: 15, 1: 10, 2: 8, 3: 0, 4: 2}",0
1195,False,"{'a': 0.1, 'e': 0.9928708516677031}",20,0,-87.45541481711452,"{0: 11, 1: 3, 2: 4, 3: 2, 4: 0}",0
1196,False,"{'a': 0.1, 'e': 0.9760109788932487}",25,0,-93.56461249653547,"{0: 13, 1: 5, 2: 6, 3: 1, 4: 0}",0
1197,False,"{'a': 0.1, 'e': 0.9493991270440314}",25,0,-220.52794993654862,"{0: 11, 1: 1, 2: 9, 3: 1, 4: 3}",0
1198,False,"{'a': 0.1, 'e': 0.9133011929470121}",30,0,-96.58235956319176,"{0: 22, 1: 1, 2: 4, 3: 2, 4: 1}",0
1199,False,"{'a': 0.1, 'e': 0.868077855227308}",20,0,-74.84594191633546,"{0: 12, 1: 2, 2: 4, 3: 2, 4: 0}",0
1200,False,"{'a': 0.1, 'e': 0.8141809705265618}",25,2,-92.5156217529438,"{0: 17, 1: 0, 2: 4, 3: 0, 4: 2}",1
1201,False,"{'a': 0.1, 'e': 0.7521490587007527}",20,0,-81.75957077953387,"{0: 13, 1: 0, 2: 6, 3: 0, 4: 1}",0
1202,False,"{'a': 0.1, 'e': 0.6826019221078377}",20,0,-32.45242476266506,"{0: 15, 1: 1, 2: 3, 3: 1, 4: 0}",0
1203,False,"{'a': 0.1, 'e': 0.6062344527474067}",20,9,-21.353524548431064,"{0: 8, 1: 1, 2: 1, 3: 1, 4: 0}",1
1204,False,"{'a': 0.1, 'e': 0.5238096891296019}",30,8,-48.60091350679074,"{0: 15, 1: 1, 2: 5, 3: 1, 4: 0}",1
1205,False,"{'a': 0.1, 'e': 0.4361511922464772}",30,0,-40.93736685591911,"{0: 23, 1: 3, 2: 2, 3: 2, 4: 0}",0
1206,False,"{'a': 0.1, 'e': 0.34413481682282887}",20,7,-29.925943124791797,"{0: 11, 1: 0, 2: 1, 3: 0, 4: 1}",1
1207,False,"{'a': 0.1, 'e': 0.24867996006534623}",25,10,20.973486595661743,"{0: 14, 1: 1, 2: 0, 3: 0, 4: 0}",1
1208,False,"{'a': 0.1, 'e': 0.1507403753495426}",30,24,9.402876974947677,"{0: 6, 1: 0, 2: 0, 3: 0, 4: 0}",1
1209,False,"{'a': 0.1, 'e': 0.05129464263140355}",30,12,39.952337185281415,"{0: 18, 1: 0, 2: 0, 3: 0, 4: 0}",1
1210,False,"{'a': 0.1, 'e': 0.04866360920015389}",25,8,25.400385984416253,"{0: 17, 1: 0, 2: 0, 3: 0, 4: 0}",1
1211,False,"{'a': 0.1, 'e': 0.14813563033464802}",25,5,13.780631135345711,"{0: 18, 1: 1, 2: 1, 3: 0, 4: 0}",1
1212,False,"{'a': 0.1, 'e': 0.24612752921795336}",20,0,9.347240054894998,"{0: 19, 1: 0, 2: 0, 3: 1, 4: 0}",0
1213,False,"{'a': 0.1, 'e': 0.3416602031882708}",25,0,-4.96952325725884,"{0: 22, 1: 0, 2: 3, 3: 0, 4: 0}",0
1214,False,"{'a': 0.1, 'e': 0.43377912134616536}",20,9,-12.043972231860934,"{0: 9, 1: 0, 2: 1, 3: 1, 4: 0}",1
1215,False,"{'a': 0.1, 'e': 0.5215638619118832}",20,3,-49.66782444942611,"{0: 13, 1: 0, 2: 3, 3: 0, 4: 1}",1
1216,False,"{'a': 0.1, 'e': 0.6041373087754801}",30,0,-59.45614410337303,"{0: 21, 1: 6, 2: 2, 3: 0, 4: 1}",1
1217,False,"{'a': 0.1, 'e': 0.6806744153510244}",20,4,1.8491516978214442,"{0: 14, 1: 1, 2: 1, 3: 0, 4: 0}",1
1218,False,"{'a': 0.1, 'e': 0.7504104481694386}",20,0,-73.26630605172399,"{0: 14, 1: 2, 2: 2, 3: 1, 4: 1}",0
1219,False,"{'a': 0.1, 'e': 0.8126486278424488}",20,0,-33.00082360380309,"{0: 13, 1: 3, 2: 4, 3: 0, 4: 0}",0
1220,False,"{'a': 0.1, 'e': 0.8667670910519801}",20,0,-75.11281751762056,"{0: 13, 1: 2, 2: 4, 3: 0, 4: 1}",0
1221,False,"{'a': 0.1, 'e': 0.912225104002834}",25,8,-22.313507229051087,"{0: 12, 1: 1, 2: 4, 3: 0, 4: 0}",1
1222,False,"{'a': 0.1, 'e': 0.9485684652560139}",30,0,-85.40075685309219,"{0: 23, 1: 1, 2: 3, 3: 2, 4: 1}",0
1223,False,"{'a': 0.1, 'e': 0.9754340439594065}",30,0,-168.99913953301134,"{0: 14, 1: 5, 2: 8, 3: 2, 4: 1}",0
1224,False,"{'a': 0.1, 'e': 0.9925534081311793}",20,0,-189.62998691275433,"{0: 9, 1: 2, 2: 5, 3: 1, 4: 3}",0
1225,False,"{'a': 0.1, 'e': 0.9997555067434422}",20,0,-99.07303713892232,"{0: 14, 1: 2, 2: 1, 3: 1, 4: 2}",0
1226,False,"{'a': 0.1, 'e': 0.9969683788075573}",30,0,-187.23219375451336,"{0: 16, 1: 4, 2: 6, 3: 2, 4: 2}",0
1227,False,"{'a': 0.1, 'e': 0.984219872384559}",20,9,-93.47272994886953,"{0: 5, 1: 0, 2: 4, 3: 1, 4: 1}",1
1228,False,"{'a': 0.1, 'e': 0.9616373663365262}",30,0,-134.88779764757572,"{0: 15, 1: 7, 2: 7, 3: 0, 4: 1}",0
1229,False,"{'a': 0.1, 'e': 0.9294464975991132}",35,0,-112.65486690985793,"{0: 23, 1: 3, 2: 8, 3: 0, 4: 1}",0
1230,False,"{'a': 0.1, 'e': 0.8879689066918555}",25,0,-109.57793333508263,"{0: 12, 1: 5, 2: 6, 3: 2, 4: 0}",0
1231,False,"{'a': 0.1, 'e': 0.8376190239924215}",25,0,-146.40759972580386,"{0: 13, 1: 2, 2: 8, 3: 0, 4: 2}",0
1232,False,"{'a': 0.1, 'e': 0.7788999288853}",25,8,-7.629834981404053,"{0: 13, 1: 3, 2: 1, 3: 0, 4: 0}",1
1233,False,"{'a': 0.1, 'e': 0.7123983231588326}",20,0,-57.346429613906764,"{0: 16, 1: 1, 2: 1, 3: 1, 4: 1}",0
1234,False,"{'a': 0.1, 'e': 0.6387786688749486}",20,9,-14.246806099616618,"{0: 8, 1: 1, 2: 2, 3: 0, 4: 0}",1
1235,False,"{'a': 0.1, 'e': 0.5587765492838215}",20,6,-30.105042539681833,"{0: 12, 1: 0, 2: 1, 3: 0, 4: 1}",1
1236,False,"{'a': 0.1, 'e': 0.4731913191192083}",25,0,-59.53821145957288,"{0: 19, 1: 2, 2: 3, 3: 0, 4: 1}",0
1237,False,"{'a': 0.1, 'e': 0.38287811771022245}",25,19,11.012688600354558,"{0: 6, 1: 0, 2: 0, 3: 0, 4: 0}",1
1238,False,"{'a': 0.1, 'e': 0.28873932471174163}",25,0,-25.43316992577494,"{0: 21, 1: 0, 2: 3, 3: 1, 4: 0}",0
1239,False,"{'a': 0.1, 'e': 0.1917155438252857}",25,2,-19.468844177813267,"{0: 21, 1: 0, 2: 1, 3: 0, 4: 1}",1
1240,False,"{'a': 0.1, 'e': 0.09277620459766088}",25,15,21.23243843086472,"{0: 10, 1: 0, 2: 0, 3: 0, 4: 0}",1
1241,False,"{'a': 0.1, 'e': 0.007090123798581999}",25,14,18.49908905140177,"{0: 11, 1: 0, 2: 0, 3: 0, 4: 0}",1
1242,False,"{'a': 0.1, 'e': 0.10688561002149863}",20,7,-53.04498670787005,"{0: 10, 1: 0, 2: 1, 3: 1, 4: 1}",1
1243,False,"{'a': 0.1, 'e': 0.20561313056077968}",20,8,1.554526363433512,"{0: 11, 1: 0, 2: 0, 3: 1, 4: 0}",1
1244,False,"{'a': 0.1, 'e': 0.3022862326661481}",25,17,-0.2976777144390974,"{0: 7, 1: 0, 2: 1, 3: 0, 4: 0}",1
1245,False,"{'a': 0.1, 'e': 0.39593899065726024}",25,3,-124.98558499399142,"{0: 13, 1: 1, 2: 6, 3: 0, 4: 2}",1
1246,False,"{'a': 0.1, 'e': 0.48563565713376733}",25,11,-39.52647446446334,"{0: 11, 1: 1, 2: 1, 3: 0, 4: 1}",1
1247,False,"{'a': 0.1, 'e': 0.5704800126539865}",35,18,6.3701337320247395,"{0: 15, 1: 1, 2: 1, 3: 0, 4: 0}",1
1248,False,"{'a': 0.1, 'e': 0.6496243204633991}",20,0,-24.261568860413295,"{0: 18, 1: 1, 2: 0, 3: 0, 4: 1}",0
1249,False,"{'a': 0.1, 'e': 0.7222777967999807}",20,12,-5.595579491000427,"{0: 6, 1: 0, 2: 2, 3: 0, 4: 0}",1
1250,False,"{'a': 0.1, 'e': 0.7877145121442345}",20,0,-65.4750983986602,"{0: 13, 1: 4, 2: 2, 3: 0, 4: 1}",0
1251,False,"{'a': 0.1, 'e': 0.8452806444669504}",35,0,-209.29724859204285,"{0: 25, 1: 1, 2: 3, 3: 2, 4: 4}",0
1252,False,"{'a': 0.1, 'e': 0.8944010120027769}",20,0,-108.21390134505265,"{0: 12, 1: 4, 2: 2, 3: 0, 4: 2}",0
1253,False,"{'a': 0.1, 'e': 0.9345848202763448}",20,0,-89.58764648531738,"{0: 10, 1: 6, 2: 3, 3: 0, 4: 1}",0
1254,False,"{'a': 0.1, 'e': 0.9654305659583742}",25,0,-66.60863150032803,"{0: 16, 1: 3, 2: 5, 3: 1, 4: 0}",0
1255,False,"{'a': 0.1, 'e': 0.9866300485542645}",20,0,-118.94530772336985,"{0: 12, 1: 2, 2: 4, 3: 0, 4: 2}",0
1256,False,"{'a': 0.1, 'e': 0.9979714498415359}",30,6,-61.47145909445578,"{0: 17, 1: 4, 2: 2, 3: 0, 4: 1}",1
1257,False,"{'a': 0.1, 'e': 0.9993414502874913}",30,0,-236.56590707134634,"{0: 15, 1: 6, 2: 4, 3: 1, 4: 4}",0
1258,False,"{'a': 0.1, 'e': 0.9907263613005374}",20,0,-100.2817284014467,"{0: 11, 1: 2, 2: 6, 3: 0, 4: 1}",0
1259,False,"{'a': 0.1, 'e': 0.9722122620020642}",20,1,-70.18205312891925,"{0: 12, 1: 4, 2: 2, 3: 0, 4: 1}",1
1260,False,"{'a': 0.1, 'e': 0.9439841391523142}",30,0,-164.52332043765023,"{0: 16, 1: 4, 2: 6, 3: 3, 4: 1}",0
1261,False,"{'a': 0.1, 'e': 0.906324038823819}",30,0,-150.7142313438371,"{0: 18, 1: 1, 2: 9, 3: 0, 4: 2}",0
1262,False,"{'a': 0.1, 'e': 0.8596082482902975}",25,0,-79.56764254011,"{0: 16, 1: 1, 2: 7, 3: 1, 4: 0}",0
1263,False,"{'a': 0.1, 'e': 0.8043035362885604}",20,0,-111.03230361828489,"{0: 14, 1: 0, 2: 3, 3: 1, 4: 2}",0
1264,False,"{'a': 0.1, 'e': 0.7409624892196374}",20,14,11.478788301078794,"{0: 6, 1: 0, 2: 0, 3: 0, 4: 0}",1
1265,False,"{'a': 0.1, 'e': 0.6702179898880674}",20,0,-55.06400869671046,"{0: 13, 1: 0, 2: 7, 3: 0, 4: 0}",0
1266,False,"{'a': 0.1, 'e': 0.5927768939461374}",20,1,-68.61017766039848,"{0: 14, 1: 1, 2: 2, 3: 1, 4: 1}",1
1267,False,"{'a': 0.1, 'e': 0.5094129672258985}",30,3,-99.13153672735103,"{0: 21, 1: 1, 2: 2, 3: 1, 4: 2}",1
1268,False,"{'a': 0.1, 'e': 0.420959154526665}",20,11,-78.79376890775964,"{0: 6, 1: 0, 2: 1, 3: 0, 4: 2}",1
1269,False,"{'a': 0.1, 'e': 0.3282992571060098}",20,6,-47.726098365427646,"{0: 10, 1: 1, 2: 2, 3: 0, 4: 1}",1
1270,False,"{'a': 0.1, 'e': 0.23235910202965793}",25,5,-23.170168624810472,"{0: 18, 1: 0, 2: 1, 3: 0, 4: 1}",1
1271,False,"{'a': 0.1, 'e': 0.13409729161351916}",35,22,24.59164405823244,"{0: 13, 1: 0, 2: 0, 3: 0, 4: 0}",1
1272,False,"{'a': 0.1, 'e': 0.03449562538626333}",20,9,8.67669459622311,"{0: 10, 1: 0, 2: 1, 3: 0, 4: 0}",1
1273,False,"{'a': 0.1, 'e': 0.06545070972712846}",25,0,30.561996377240508,"{0: 24, 1: 1, 2: 0, 3: 0, 4: 0}",0
1274,False,"{'a': 0.1, 'e': 0.16474308298404086}",20,0,-16.893358385393164,"{0: 17, 1: 0, 2: 2, 3: 1, 4: 0}",0
1275,False,"{'a': 0.1, 'e': 0.2623893978125999}",25,0,-18.645019890497746,"{0: 22, 1: 0, 2: 1, 3: 2, 4: 0}",0
1276,False,"{'a': 0.1, 'e': 0.35741400451263233}",25,8,-87.7681908821423,"{0: 12, 1: 1, 2: 2, 3: 0, 4: 2}",1
1277,False,"{'a': 0.1, 'e': 0.44886744862492334}",25,13,-29.450793683664536,"{0: 8, 1: 0, 2: 4, 3: 0, 4: 0}",1
1278,False,"{'a': 0.1, 'e': 0.5358359575664181}",20,2,-26.301664053649294,"{0: 15, 1: 2, 2: 0, 3: 0, 4: 1}",1
1279,False,"{'a': 0.1, 'e': 0.6174505707437155}",25,0,-84.16449152036347,"{0: 17, 1: 2, 2: 4, 3: 1, 4: 1}",1
1280,False,"{'a': 0.1, 'e': 0.6928958219201651}",20,0,-84.3358142976166,"{0: 15, 1: 1, 2: 2, 3: 0, 4: 2}",0
1281,False,"{'a': 0.1, 'e': 0.7614178870848962}",20,0,-81.46223506192776,"{0: 12, 1: 2, 2: 5, 3: 0, 4: 1}",0
1282,False,"{'a': 0.1, 'e': 0.8223321164131824}",25,0,-56.92820116762096,"{0: 21, 1: 0, 2: 2, 3: 1, 4: 1}",0
1283,False,"{'a': 0.1, 'e': 0.875029875061108}",20,0,-149.4331201545595,"{0: 11, 1: 3, 2: 3, 3: 0, 4: 3}",0
1284,False,"{'a': 0.1, 'e': 0.9189846244438445}",25,0,-206.44753019360462,"{0: 15, 1: 1, 2: 4, 3: 1, 4: 4}",0
1285,False,"{'a': 0.1, 'e': 0.953757183235068}",35,0,-212.98176741970553,"{0: 18, 1: 4, 2: 9, 3: 2, 4: 2}",0
1286,False,"{'a': 0.1, 'e': 0.9790001155216165}",25,0,-240.97825685279923,"{0: 11, 1: 2, 2: 8, 3: 0, 4: 4}",0
1287,False,"{'a': 0.1, 'e': 0.9944612022682896}",25,0,-90.9871730316993,"{0: 15, 1: 3, 2: 5, 3: 2, 4: 0}",0
1288,False,"{'a': 0.1, 'e': 0.9999859614070618}",25,3,-174.5860699998074,"{0: 9, 1: 2, 2: 8, 3: 1, 4: 2}",1
1289,False,"{'a': 0.1, 'e': 0.9955191913708666}",20,0,-213.46198032236117,"{0: 8, 1: 2, 2: 5, 3: 2, 4: 3}",0
1290,False,"{'a': 0.1, 'e': 0.9811055226493881}",20,0,-66.61065365572335,"{0: 13, 1: 4, 2: 2, 3: 0, 4: 1}",0
1291,False,"{'a': 0.1, 'e': 0.9568889718559658}",30,0,-187.09213850915523,"{0: 15, 1: 3, 2: 9, 3: 1, 4: 2}",0
1292,False,"{'a': 0.1, 'e': 0.923111502761189}",25,0,-105.087004538126,"{0: 15, 1: 4, 2: 4, 3: 1, 4: 1}",0
1293,False,"{'a': 0.1, 'e': 0.8801106086709253}",20,0,-126.25061889812989,"{0: 13, 1: 0, 2: 4, 3: 1, 4: 2}",0
1294,False,"{'a': 0.1, 'e': 0.8283159403047103}",20,0,-62.201098557265,"{0: 12, 1: 3, 2: 4, 3: 1, 4: 0}",0
1295,False,"{'a': 0.1, 'e': 0.7682450128678183}",30,15,-6.2422238197837405,"{0: 12, 1: 0, 2: 3, 3: 0, 4: 0}",1
1296,False,"{'a': 0.1, 'e': 0.70049803521039}",35,13,-79.91450793815247,"{0: 15, 1: 1, 2: 4, 3: 1, 4: 1}",1
1297,False,"{'a': 0.1, 'e': 0.6257519127389827}",25,14,-15.04889251076899,"{0: 9, 1: 0, 2: 1, 3: 1, 4: 0}",1
1298,False,"{'a': 0.1, 'e': 0.54475348400159}",20,0,-44.43753327367497,"{0: 17, 1: 0, 2: 1, 3: 1, 4: 1}",0
1299,False,"{'a': 0.1, 'e': 0.45831205852361473}",25,7,-47.72748012583393,"{0: 14, 1: 1, 2: 1, 3: 1, 4: 1}",1
1300,False,"{'a': 0.1, 'e': 0.3672913304546965}",25,17,-28.21968824289757,"{0: 7, 1: 0, 2: 0, 3: 0, 4: 1}",1
1301,False,"{'a': 0.1, 'e': 0.2726007488222473}",25,0,-11.16560628935407,"{0: 21, 1: 0, 2: 4, 3: 0, 4: 0}",0
1302,False,"{'a': 0.1, 'e': 0.17518643061736572}",25,11,-14.003843829729918,"{0: 13, 1: 0, 2: 0, 3: 0, 4: 1}",1
1303,False,"{'a': 0.1, 'e': 0.07602170750671775}",25,14,19.682907684917986,"{0: 11, 1: 0, 2: 0, 3: 0, 4: 0}",1
1304,False,"{'a': 0.1, 'e': 0.023902599375901803}",20,8,20.22473332562725,"{0: 12, 1: 0, 2: 0, 3: 0, 4: 0}",1
1305,False,"{'a': 0.1, 'e': 0.12358807938670624}",25,10,18.245542113504307,"{0: 14, 1: 0, 2: 1, 3: 0, 4: 0}",1
1306,False,"{'a': 0.1, 'e': 0.22203870816106638}",20,3,33.420693925549116,"{0: 17, 1: 0, 2: 0, 3: 0, 4: 0}",1
1307,False,"{'a': 0.1, 'e': 0.318270799559747}",20,0,2.946579589267894,"{0: 19, 1: 0, 2: 0, 3: 1, 4: 0}",0
1308,False,"{'a': 0.1, 'e': 0.4113228343355381}",25,3,-21.745898091928538,"{0: 18, 1: 2, 2: 0, 3: 2, 4: 0}",1
1309,False,"{'a': 0.1, 'e': 0.500265067315901}",20,0,-21.498910717471237,"{0: 15, 1: 2, 2: 3, 3: 0, 4: 0}",0
1310,False,"{'a': 0.1, 'e': 0.5842088171092893}",20,2,-54.486666772614335,"{0: 10, 1: 2, 2: 6, 3: 0, 4: 0}",1
1311,False,"{'a': 0.1, 'e': 0.6623153455158822}",25,18,0.9777717450964163,"{0: 6, 1: 0, 2: 1, 3: 0, 4: 0}",1
1312,False,"{'a': 0.1, 'e': 0.7338042379224459}",20,0,-64.27088835008146,"{0: 11, 1: 3, 2: 6, 3: 0, 4: 0}",0
1313,False,"{'a': 0.1, 'e': 0.7979612009470995}",25,0,-51.91643442089402,"{0: 18, 1: 1, 2: 5, 3: 1, 4: 0}",0
1314,False,"{'a': 0.1, 'e': 0.8541451994227945}",20,0,-110.65391274557565,"{0: 13, 1: 2, 2: 2, 3: 1, 4: 2}",0
1315,False,"{'a': 0.1, 'e': 0.9017948614087224}",30,0,-252.1730170997252,"{0: 13, 1: 2, 2: 10, 3: 2, 4: 3}",0
1316,False,"{'a': 0.1, 'e': 0.9404340872332042}",30,0,-276.1318879941096,"{0: 15, 1: 2, 2: 7, 3: 1, 4: 5}",0
1317,False,"{'a': 0.1, 'e': 0.9696768065242383}",25,0,-65.01525064407227,"{0: 17, 1: 2, 2: 5, 3: 1, 4: 0}",0
1318,False,"{'a': 0.1, 'e': 0.9892308356970101}",20,0,-101.66809533327124,"{0: 12, 1: 1, 2: 5, 3: 1, 4: 1}",0
1319,False,"{'a': 0.1, 'e': 0.9989007973557377}",20,0,3.0072533581121608,"{0: 18, 1: 1, 2: 1, 3: 0, 4: 0}",0
1320,False,"{'a': 0.1, 'e': 0.9985900724399912}",35,10,-106.46291762375301,"{0: 17, 1: 2, 2: 4, 3: 0, 4: 2}",1
1321,False,"{'a': 0.1, 'e': 0.9883017656104169}",20,0,-133.8764171443895,"{0: 8, 1: 5, 2: 5, 3: 1, 4: 1}",0
1322,False,"{'a': 0.1, 'e': 0.9681386742279867}",30,0,-237.8317406187845,"{0: 15, 1: 4, 2: 6, 3: 1, 4: 4}",0
1323,False,"{'a': 0.1, 'e': 0.9383022612367735}",20,0,-30.528581243691935,"{0: 15, 1: 1, 2: 4, 3: 0, 4: 0}",0
1324,False,"{'a': 0.1, 'e': 0.899090642212774}",30,3,-140.28809711058645,"{0: 16, 1: 2, 2: 5, 3: 3, 4: 1}",1
1325,False,"{'a': 0.1, 'e': 0.8508956066916382}",25,0,-174.6873850841275,"{0: 14, 1: 4, 2: 3, 3: 1, 4: 3}",0
1326,False,"{'a': 0.1, 'e': 0.7941987035371325}",25,0,-136.3563258516704,"{0: 17, 1: 1, 2: 3, 3: 2, 4: 2}",0
1327,False,"{'a': 0.1, 'e': 0.7295664294640529}",20,0,-112.65608771016196,"{0: 13, 1: 0, 2: 5, 3: 0, 4: 2}",0
1328,False,"{'a': 0.1, 'e': 0.6576445687903847}",30,9,-41.07649357685513,"{0: 15, 1: 1, 2: 4, 3: 1, 4: 0}",1
1329,False,"{'a': 0.1, 'e': 0.5791517409737558}",35,2,-28.293074093654706,"{0: 28, 1: 1, 2: 2, 3: 2, 4: 0}",1
1330,False,"{'a': 0.1, 'e': 0.4948722204034305}",25,7,-50.36965428521451,"{0: 15, 1: 0, 2: 1, 3: 1, 4: 1}",1
1331,False,"{'a': 0.1, 'e': 0.4056481001898418}",20,8,-43.99987657574299,"{0: 10, 1: 0, 2: 0, 3: 1, 4: 1}",1
1332,False,"{'a': 0.1, 'e': 0.3123708782485641}",20,1,-25.360262706850207,"{0: 17, 1: 0, 2: 1, 3: 0, 4: 1}",1
1333,False,"{'a': 0.1, 'e': 0.21597254974793711}",20,7,2.5395063982690713,"{0: 11, 1: 1, 2: 1, 3: 0, 4: 0}",1
1334,False,"{'a': 0.1, 'e': 0.11741629492126229}",25,13,11.08604369673845,"{0: 11, 1: 0, 2: 1, 3: 0, 4: 0}",1
1335,False,"{'a': 0.1, 'e': 0.01768685528840119}",25,19,11.007712463611162,"{0: 6, 1: 0, 2: 0, 3: 0, 4: 0}",1
1336,False,"{'a': 0.1, 'e': 0.08221930555600455}",30,24,10.66568999336284,"{0: 6, 1: 0, 2: 0, 3: 0, 4: 0}",1
1337,False,"{'a': 0.1, 'e': 0.18130395827741175}",25,5,1.3200229087223436,"{0: 17, 1: 0, 2: 3, 3: 0, 4: 0}",1
1338,False,"{'a': 0.1, 'e': 0.27857708177880347}",20,0,-7.3900774833217,"{0: 18, 1: 0, 2: 1, 3: 1, 4: 0}",0
1339,False,"{'a': 0.1, 'e': 0.37306675516440196}",25,13,6.209535876473217,"{0: 10, 1: 2, 2: 0, 3: 0, 4: 0}",1
1340,False,"{'a': 0.1, 'e': 0.4638288688518717}",20,0,-39.08123252938064,"{0: 17, 1: 1, 2: 0, 3: 1, 4: 1}",0
1341,False,"{'a': 0.1, 'e': 0.5499565578032135}",20,0,-9.187854760668635,"{0: 16, 1: 2, 2: 2, 3: 0, 4: 0}",0
1342,False,"{'a': 0.1, 'e': 0.6305892626204765}",20,12,2.6982210284760524,"{0: 7, 1: 0, 2: 1, 3: 0, 4: 0}",1
1343,False,"{'a': 0.1, 'e': 0.7049213279707096}",20,0,-85.25500565709501,"{0: 13, 1: 5, 2: 0, 3: 0, 4: 2}",0
1344,False,"{'a': 0.1, 'e': 0.7722100524278709}",30,4,-52.154954719295574,"{0: 20, 1: 2, 2: 3, 3: 0, 4: 1}",1
1345,False,"{'a': 0.1, 'e': 0.8317831092998796}",20,0,-150.97099667203076,"{0: 12, 1: 1, 2: 4, 3: 0, 4: 3}",0
1346,False,"{'a': 0.1, 'e': 0.8830452642947053}",25,0,-91.50055208298005,"{0: 16, 1: 1, 2: 7, 3: 0, 4: 1}",0
1347,False,"{'a': 0.1, 'e': 0.925484322904666}",25,0,-161.1582583746972,"{0: 14, 1: 1, 2: 7, 3: 1, 4: 2}",0
1348,False,"{'a': 0.1, 'e': 0.9586762480845945}",20,0,-70.71744285280761,"{0: 13, 1: 2, 2: 4, 3: 0, 4: 1}",0
1349,False,"{'a': 0.1, 'e': 0.982289397089898}",20,0,-182.5513116266082,"{0: 10, 1: 1, 2: 5, 3: 1, 4: 3}",0
1350,False,"{'a': 0.1, 'e': 0.9960878351411849}",25,0,-122.84700710272328,"{0: 17, 1: 2, 2: 3, 3: 1, 4: 2}",0
1351,False,"{'a': 0.1, 'e': 0.999933692806604}",20,0,-112.39803985678947,"{0: 10, 1: 3, 2: 5, 3: 1, 4: 1}",0
1352,False,"{'a': 0.1, 'e': 0.9937885435476309}",30,0,-126.16040100029562,"{0: 17, 1: 4, 2: 6, 3: 3, 4: 0}",0
1353,False,"{'a': 0.1, 'e': 0.9777137876643482}",30,8,-130.73386947572595,"{0: 14, 1: 1, 2: 4, 3: 1, 4: 2}",1
1354,False,"{'a': 0.1, 'e': 0.9518700388039337}",25,0,-296.329820494732,"{0: 10, 1: 2, 2: 6, 3: 2, 4: 5}",0
1355,False,"{'a': 0.1, 'e': 0.916515519162193}",20,0,-142.446404256625,"{0: 13, 1: 0, 2: 4, 3: 0, 4: 3}",0
1356,False,"{'a': 0.1, 'e': 0.8720034794127358}",30,4,-84.77319078083038,"{0: 18, 1: 0, 2: 7, 3: 0, 4: 1}",1
1357,False,"{'a': 0.1, 'e': 0.8187786691429983}",20,0,-8.27558035971835,"{0: 16, 1: 2, 2: 2, 3: 0, 4: 0}",0
1358,False,"{'a': 0.1, 'e': 0.7573728930634428}",20,0,-37.92547210809055,"{0: 13, 1: 2, 2: 5, 3: 0, 4: 0}",0
1359,False,"{'a': 0.1, 'e': 0.6883996973905913}",20,0,-26.55019909715787,"{0: 17, 1: 2, 2: 0, 3: 0, 4: 1}",0
1360,False,"{'a': 0.1, 'e': 0.6125482394960996}",25,6,-54.275559749314446,"{0: 15, 1: 1, 2: 1, 3: 1, 4: 1}",1
1361,False,"{'a': 0.1, 'e': 0.5305764020740911}",25,0,17.724634425983425,"{0: 23, 1: 1, 2: 1, 3: 0, 4: 0}",0
1362,False,"{'a': 0.1, 'e': 0.4433032206277738}",30,18,17.413842097102393,"{0: 12, 1: 0, 2: 0, 3: 0, 4: 0}",1
1363,False,"{'a': 0.1, 'e': 0.3516006999375306}",25,8,-24.77572935292239,"{0: 14, 1: 2, 2: 0, 3: 0, 4: 1}",1
1364,False,"{'a': 0.1, 'e': 0.2563851012772511}",20,10,-0.6749131991728987,"{0: 8, 1: 1, 2: 1, 3: 0, 4: 0}",1
1365,False,"{'a': 0.1, 'e': 0.15860778743465642}",25,13,23.235816378931684,"{0: 12, 1: 0, 2: 0, 3: 0, 4: 0}",1
1366,False,"{'a': 0.1, 'e': 0.05924571700877874}",20,7,23.848150116241854,"{0: 13, 1: 0, 2: 0, 3: 0, 4: 0}",1
1367,False,"{'a': 0.1, 'e': 0.0407083170374487}",25,14,20.95195442128762,"{0: 11, 1: 0, 2: 0, 3: 0, 4: 0}",1
1368,False,"{'a': 0.1, 'e': 0.14025560703619017}",30,4,-16.982384128333507,"{0: 23, 1: 0, 2: 2, 3: 0, 4: 1}",1
1369,False,"{'a': 0.1, 'e': 0.23840150937176585}",20,0,4.845211726493535,"{0: 18, 1: 0, 2: 2, 3: 0, 4: 0}",0
1370,False,"{'a': 0.1, 'e': 0.33416538263076073}",20,12,13.366770812193112,"{0: 8, 1: 0, 2: 0, 3: 0, 4: 0}",1
1371,False,"{'a': 0.1, 'e': 0.4265903858468989}",20,10,5.791871279085761,"{0: 9, 1: 0, 2: 1, 3: 0, 4: 0}",1
1372,False,"{'a': 0.1, 'e': 0.5147530389397132}",25,0,-48.89375522628463,"{0: 17, 1: 2, 2: 5, 3: 1, 4: 0}",1
1373,False,"{'a': 0.1, 'e': 0.5977724498221489}",25,0,-1.2046214183845396,"{0: 21, 1: 1, 2: 3, 3: 0, 4: 0}",1
1374,False,"{'a': 0.1, 'e': 0.674819115983263}",20,0,-58.69641266796994,"{0: 14, 1: 2, 2: 2, 3: 2, 4: 0}",0
1375,False,"{'a': 0.1, 'e': 0.7451232126030157}",30,6,-105.88696201546763,"{0: 15, 1: 4, 2: 3, 3: 0, 4: 2}",1
1376,False,"{'a': 0.1, 'e': 0.8079822843874269}",25,0,-39.26375895168532,"{0: 19, 1: 3, 2: 2, 3: 1, 4: 0}",0
1377,False,"{'a': 0.1, 'e': 0.8627682642696879}",20,9,-39.53257614533863,"{0: 6, 1: 1, 2: 4, 3: 0, 4: 0}",1
1378,False,"{'a': 0.1, 'e': 0.9089337488486212}",20,0,-102.060668936304,"{0: 13, 1: 3, 2: 2, 3: 0, 4: 2}",0
1379,False,"{'a': 0.1, 'e': 0.9460174678626113}",20,0,-77.75415014078744,"{0: 11, 1: 3, 2: 4, 3: 2, 4: 0}",1
1380,False,"{'a': 0.1, 'e': 0.9736488930495181}",30,0,-164.21650586048096,"{0: 15, 1: 7, 2: 5, 3: 1, 4: 2}",0
1381,False,"{'a': 0.1, 'e': 0.9915519403426089}",30,0,-136.21995326206434,"{0: 18, 1: 1, 2: 9, 3: 1, 4: 1}",0
1382,False,"{'a': 0.1, 'e': 0.9995477284112925}",20,0,-172.55487628597,"{0: 10, 1: 1, 2: 6, 3: 0, 4: 3}",0
1383,False,"{'a': 0.1, 'e': 0.9975563659842384}",20,0,-46.95552069445978,"{0: 15, 1: 2, 2: 1, 3: 2, 4: 0}",0
1384,False,"{'a': 0.1, 'e': 0.9855977500965645}",30,0,-179.9862409952639,"{0: 19, 1: 2, 2: 5, 3: 1, 4: 3}",0
1385,False,"{'a': 0.1, 'e': 0.9637913672852274}",35,0,-178.5484821957429,"{0: 18, 1: 4, 2: 10, 3: 2, 4: 1}",0
1386,False,"{'a': 0.1, 'e': 0.9323550997190464}",25,0,-198.57414034821878,"{0: 12, 1: 2, 2: 6, 3: 3, 4: 2}",0
1387,False,"{'a': 0.1, 'e': 0.8916030481920811}",25,0,-96.24891418531193,"{0: 15, 1: 5, 2: 3, 3: 1, 4: 1}",0
1388,False,"{'a': 0.1, 'e': 0.8419423937323751}",25,0,-120.78464562759727,"{0: 15, 1: 0, 2: 8, 3: 1, 4: 1}",0
1389,False,"{'a': 0.1, 'e': 0.7838693291836495}",20,0,-27.177913527567757,"{0: 15, 1: 1, 2: 4, 3: 0, 4: 0}",0
1390,False,"{'a': 0.1, 'e': 0.717964101410472}",25,0,-37.875312226279725,"{0: 21, 1: 0, 2: 3, 3: 0, 4: 1}",0
1391,False,"{'a': 0.1, 'e': 0.6448852136633805}",20,0,-89.69998735639108,"{0: 15, 1: 2, 2: 0, 3: 1, 4: 2}",0
1392,False,"{'a': 0.1, 'e': 0.5653628460320516}",20,0,-44.5012020336554,"{0: 16, 1: 0, 2: 3, 3: 0, 4: 1}",0
1393,False,"{'a': 0.1, 'e': 0.4801915597273029}",25,0,-48.365950001202215,"{0: 16, 1: 4, 2: 5, 3: 0, 4: 0}",0
1394,False,"{'a': 0.1, 'e': 0.3902223580879855}",25,1,-10.2233279416187,"{0: 20, 1: 0, 2: 4, 3: 0, 4: 0}",1
1395,False,"{'a': 0.1, 'e': 0.2963541836370153}",20,14,13.19989009638267,"{0: 6, 1: 0, 2: 0, 3: 0, 4: 0}",1
1396,False,"{'a': 0.1, 'e': 0.19952493614481323}",25,16,18.859285771844043,"{0: 9, 1: 0, 2: 0, 3: 0, 4: 0}",1
1397,False,"{'a': 0.1, 'e': 0.10070210144479917}",20,10,16.079343217046752,"{0: 10, 1: 0, 2: 0, 3: 0, 4: 0}",1
1398,False,"{'a': 0.1, 'e': 0.0008730846348656809}",20,6,26.75766394989757,"{0: 14, 1: 0, 2: 0, 3: 0, 4: 0}",1
1399,False,"{'a': 0.1, 'e': 0.09896465574813598}",20,7,-11.016911632409098,"{0: 11, 1: 0, 2: 1, 3: 1, 4: 0}",1
1400,False,"{'a': 0.1, 'e': 0.19781357400426822}",20,16,7.242565925487951,"{0: 4, 1: 0, 2: 0, 3: 0, 4: 0}",1
1401,False,"{'a': 0.1, 'e': 0.294686004417424}",20,11,-5.488628553286343,"{0: 7, 1: 0, 2: 2, 3: 0, 4: 0}",1
1402,False,"{'a': 0.1, 'e': 0.3886140296847095}",25,1,-8.165235848390951,"{0: 20, 1: 0, 2: 4, 3: 0, 4: 0}",1
1403,False,"{'a': 0.1, 'e': 0.47865915202607784}",20,5,-13.973089622295271,"{0: 11, 1: 1, 2: 3, 3: 0, 4: 0}",1
1404,False,"{'a': 0.1, 'e': 0.5639216703440815}",25,1,-60.181012231230675,"{0: 18, 1: 2, 2: 2, 3: 1, 4: 1}",1
1405,False,"{'a': 0.1, 'e': 0.6435496697397284}",20,0,-11.179282859962118,"{0: 17, 1: 1, 2: 1, 3: 1, 4: 0}",0
1406,False,"{'a': 0.1, 'e': 0.7167475335645745}",30,0,-198.3546552147839,"{0: 18, 1: 4, 2: 2, 3: 3, 4: 3}",1
1407,False,"{'a': 0.1, 'e': 0.7827838929592965}",25,0,-23.718649086279235,"{0: 19, 1: 2, 2: 4, 3: 0, 4: 0}",0
1408,False,"{'a': 0.1, 'e': 0.8409989344495032}",20,9,-42.43219651904626,"{0: 8, 1: 1, 2: 1, 3: 0, 4: 1}",1
1409,False,"{'a': 0.1, 'e': 0.8908109925839784}",30,0,-199.69798823513324,"{0: 17, 1: 4, 2: 4, 3: 2, 4: 3}",0
1410,False,"{'a': 0.1, 'e': 0.9317223617435201}",30,0,-223.33044096364665,"{0: 14, 1: 2, 2: 10, 3: 1, 4: 3}",0
1411,False,"{'a': 0.1, 'e': 0.9633242690509864}",25,0,-167.00097961381675,"{0: 14, 1: 4, 2: 4, 3: 0, 4: 3}",0
1412,False,"{'a': 0.1, 'e': 0.985300958694768}",25,0,-138.49391676843888,"{0: 14, 1: 2, 2: 7, 3: 0, 4: 2}",0
1413,False,"{'a': 0.1, 'e': 0.9974328468564595}",20,0,-66.05026436240391,"{0: 12, 1: 4, 2: 2, 3: 2, 4: 0}",0
1414,False,"{'a': 0.1, 'e': 0.9995987157198258}",30,8,-92.2435203012229,"{0: 11, 1: 3, 2: 7, 3: 1, 4: 0}",1
1415,False,"{'a': 0.1, 'e': 0.9917769246391254}",30,0,-255.1145037154497,"{0: 12, 1: 4, 2: 9, 3: 2, 4: 3}",0
1416,False,"{'a': 0.1, 'e': 0.9740456263652962}",25,0,-49.685878535307694,"{0: 17, 1: 3, 2: 5, 3: 0, 4: 0}",0
1417,False,"{'a': 0.1, 'e': 0.9465819861694931}",25,0,-30.194194752951635,"{0: 19, 1: 2, 2: 4, 3: 0, 4: 0}",0
1418,False,"{'a': 0.1, 'e': 0.9096604116662957}",20,0,-33.07904603410152,"{0: 15, 1: 2, 2: 2, 3: 1, 4: 0}",0
1419,False,"{'a': 0.1, 'e': 0.8636498110234838}",30,12,-178.3861340851166,"{0: 12, 1: 0, 2: 0, 3: 2, 4: 4}",1
1420,False,"{'a': 0.1, 'e': 0.8090099069535975}",25,0,-102.84751673378003,"{0: 18, 1: 2, 2: 2, 3: 1, 4: 2}",0
1421,False,"{'a': 0.1, 'e': 0.7462866433165524}",25,0,-62.11717534697876,"{0: 19, 1: 1, 2: 4, 3: 0, 4: 1}",0
1422,False,"{'a': 0.1, 'e': 0.6761067302290342}",20,8,-63.91637881170977,"{0: 10, 1: 0, 2: 0, 3: 0, 4: 2}",1
1423,False,"{'a': 0.1, 'e': 0.5991713821842585}",25,10,-94.0758314138191,"{0: 11, 1: 0, 2: 1, 3: 1, 4: 2}",1
1424,False,"{'a': 0.1, 'e': 0.5162493117484245}",30,2,-71.752124770467,"{0: 20, 1: 2, 2: 5, 3: 0, 4: 1}",1
1425,False,"{'a': 0.1, 'e': 0.428169048838935}",25,5,10.780239809700701,"{0: 18, 1: 1, 2: 1, 3: 0, 4: 0}",1
1426,False,"{'a': 0.1, 'e': 0.3358106623273175}",25,17,12.171965639458636,"{0: 8, 1: 0, 2: 0, 3: 0, 4: 0}",1
1427,False,"{'a': 0.1, 'e': 0.2400969666819448}",20,3,-3.1854376957018085,"{0: 14, 1: 1, 2: 2, 3: 0, 4: 0}",1
1428,False,"{'a': 0.1, 'e': 0.14198430151101848}",25,7,24.553399250392463,"{0: 18, 1: 0, 2: 0, 3: 0, 4: 0}",1
1429,False,"{'a': 0.1, 'e': 0.04245297613316432}",20,5,28.23558642003451,"{0: 15, 1: 0, 2: 0, 3: 0, 4: 0}",1
1430,False,"{'a': 0.1, 'e': 0.05750252534912421}",25,18,14.687549506362696,"{0: 7, 1: 0, 2: 0, 3: 0, 4: 0}",1
1431,False,"{'a': 0.1, 'e': 0.1568834806059321}",25,7,19.832400704344842,"{0: 17, 1: 0, 2: 1, 3: 0, 4: 0}",1
1432,False,"{'a': 0.1, 'e': 0.25469690798333705}",20,0,-17.982303705235378,"{0: 16, 1: 1, 2: 3, 3: 0, 4: 0}",0
1433,False,"{'a': 0.1, 'e': 0.34996548804774896}",25,20,8.000272111890958,"{0: 5, 1: 0, 2: 0, 3: 0, 4: 0}",1
1434,False,"{'a': 0.1, 'e': 0.4417373286387981}",25,13,-12.34900169013514,"{0: 10, 1: 0, 2: 1, 3: 1, 4: 0}",1
1435,False,"{'a': 0.1, 'e': 0.529095475861036}",20,2,-50.57996297667407,"{0: 11, 1: 1, 2: 6, 3: 0, 4: 0}",1
1436,False,"{'a': 0.1, 'e': 0.6111670759841824}",25,0,-36.58614567159483,"{0: 20, 1: 3, 2: 1, 3: 0, 4: 1}",0
1437,False,"{'a': 0.1, 'e': 0.6871320967090917}",20,0,-32.52306387273744,"{0: 15, 1: 2, 2: 2, 3: 1, 4: 0}",0
1438,False,"{'a': 0.1, 'e': 0.7562315206593349}",25,0,-1.6785875459903412,"{0: 21, 1: 1, 2: 3, 3: 0, 4: 0}",0
1439,False,"{'a': 0.1, 'e': 0.8177749292320562}",25,16,-35.927755285054076,"{0: 7, 1: 0, 2: 1, 3: 0, 4: 1}",1
1440,False,"{'a': 0.1, 'e': 0.8711474010323434}",25,0,-148.27537092454054,"{0: 17, 1: 2, 2: 2, 3: 1, 4: 3}",0
1441,False,"{'a': 0.1, 'e': 0.9158156559645617}",20,0,-86.97759883191465,"{0: 14, 1: 3, 2: 1, 3: 0, 4: 2}",0
1442,False,"{'a': 0.1, 'e': 0.9513333835907991}",20,0,-165.033723343338,"{0: 12, 1: 1, 2: 3, 3: 1, 4: 3}",0
1443,False,"{'a': 0.1, 'e': 0.9773457025171938}",25,0,-175.3404427051828,"{0: 13, 1: 1, 2: 8, 3: 1, 4: 2}",0
1444,False,"{'a': 0.1, 'e': 0.9935927062515741}",25,0,-85.29840644857973,"{0: 16, 1: 2, 2: 5, 3: 2, 4: 0}",0
1445,False,"{'a': 0.1, 'e': 0.9999120601031718}",20,2,-83.18307366742624,"{0: 10, 1: 2, 2: 5, 3: 0, 4: 1}",1
1446,False,"{'a': 0.1, 'e': 0.9962406231772022}",20,0,-144.8811568204414,"{0: 13, 1: 1, 2: 3, 3: 0, 4: 3}",0
1447,False,"{'a': 0.1, 'e': 0.9826150792578084}",25,0,-272.90560265701197,"{0: 14, 1: 2, 2: 2, 3: 1, 4: 6}",0
1448,False,"{'a': 0.1, 'e': 0.9591715702758352}",25,0,-75.29212424010166,"{0: 18, 1: 3, 2: 2, 3: 1, 4: 1}",0
1449,False,"{'a': 0.1, 'e': 0.9261443360236338}",20,0,-73.30498379564743,"{0: 13, 1: 2, 2: 4, 3: 0, 4: 1}",0
1450,False,"{'a': 0.1, 'e': 0.8838633737085002}",25,0,-99.77137784969952,"{0: 16, 1: 1, 2: 6, 3: 1, 4: 1}",0
1451,False,"{'a': 0.1, 'e': 0.8327511407296592}",25,0,-96.3056350686067,"{0: 18, 1: 2, 2: 3, 3: 0, 4: 2}",0
1452,False,"{'a': 0.1, 'e': 0.7733183336235594}",25,0,-90.38817748778746,"{0: 15, 1: 4, 2: 5, 3: 0, 4: 1}",0
1453,False,"{'a': 0.1, 'e': 0.7061587853529645}",20,14,-9.253534093730256,"{0: 4, 1: 1, 2: 1, 3: 0, 4: 0}",1
1454,False,"{'a': 0.1, 'e': 0.6319435319241834}",30,10,-47.820478628718426,"{0: 15, 1: 2, 2: 2, 3: 0, 4: 1}",1
1455,False,"{'a': 0.1, 'e': 0.5514141076171752}",20,0,0.983161863520163,"{0: 18, 1: 0, 2: 2, 3: 0, 4: 0}",0
1456,False,"{'a': 0.1, 'e': 0.46537513582012713}",20,0,-12.477694916836633,"{0: 16, 1: 1, 2: 3, 3: 0, 4: 0}",1
1457,False,"{'a': 0.1, 'e': 0.37468628949850585}",20,9,16.38488265587225,"{0: 11, 1: 0, 2: 0, 3: 0, 4: 0}",1
1458,False,"{'a': 0.1, 'e': 0.28025370162706154}",25,11,1.585413232985338,"{0: 12, 1: 1, 2: 1, 3: 0, 4: 0}",1
1459,False,"{'a': 0.1, 'e': 0.18302091140851692}",25,10,5.25757769289487,"{0: 13, 1: 1, 2: 1, 3: 0, 4: 0}",1
1460,False,"{'a': 0.1, 'e': 0.08395943674184847}",20,9,19.854010763429628,"{0: 11, 1: 0, 2: 0, 3: 0, 4: 0}",1
1461,False,"{'a': 0.1, 'e': 0.01594093286344455}",20,12,14.738781807517217,"{0: 8, 1: 0, 2: 0, 3: 0, 4: 0}",1
1462,False,"{'a': 0.1, 'e': 0.1156820259369661}",20,13,14.688781029824007,"{0: 7, 1: 0, 2: 0, 3: 0, 4: 0}",1
1463,False,"{'a': 0.1, 'e': 0.21426726244669092}",20,6,8.240437340261057,"{0: 13, 1: 0, 2: 1, 3: 0, 4: 0}",1
1464,False,"{'a': 0.1, 'e': 0.3107116112973889}",20,0,5.40749137335683,"{0: 18, 1: 0, 2: 2, 3: 0, 4: 0}",0
1465,False,"{'a': 0.1, 'e': 0.40405143243560715}",20,9,6.2036984959779975,"{0: 9, 1: 2, 2: 0, 3: 0, 4: 0}",1
1466,False,"{'a': 0.1, 'e': 0.49335410522257533}",20,12,8.732045114349944,"{0: 7, 1: 1, 2: 0, 3: 0, 4: 0}",1
1467,False,"{'a': 0.1, 'e': 0.5777273468713684}",30,19,2.174813030620886,"{0: 10, 1: 0, 2: 1, 3: 0, 4: 0}",1
1468,False,"{'a': 0.1, 'e': 0.6563281278414692}",20,10,-5.159325290779778,"{0: 8, 1: 0, 2: 2, 3: 0, 4: 0}",1
1469,False,"{'a': 0.1, 'e': 0.7283710951114134}",25,0,-152.34099374640934,"{0: 19, 1: 1, 2: 1, 3: 0, 4: 4}",0
1470,False,"{'a': 0.1, 'e': 0.7931364191664784}",25,0,-141.0604061580564,"{0: 16, 1: 2, 2: 4, 3: 1, 4: 2}",0
1471,False,"{'a': 0.1, 'e': 0.8499769862972758}",25,0,-108.70948811016157,"{0: 18, 1: 2, 2: 2, 3: 1, 4: 2}",0
1472,False,"{'a': 0.1, 'e': 0.8983248643460409}",30,12,-86.98340988442152,"{0: 10, 1: 2, 2: 5, 3: 0, 4: 1}",1
1473,False,"{'a': 0.1, 'e': 0.9376969772969664}",25,0,-59.10690329573934,"{0: 16, 1: 5, 2: 3, 3: 1, 4: 0}",0
1474,False,"{'a': 0.1, 'e': 0.9676999320121521}",25,0,-63.11757300066804,"{0: 15, 1: 4, 2: 6, 3: 0, 4: 0}",0
1475,False,"{'a': 0.1, 'e': 0.988033948885742}",20,0,-102.28413057711248,"{0: 14, 1: 0, 2: 2, 3: 3, 4: 1}",0
1476,False,"{'a': 0.1, 'e': 0.9984958571426678}",25,0,-106.17236194373709,"{0: 12, 1: 4, 2: 8, 3: 1, 4: 0}",0
1477,False,"{'a': 0.1, 'e': 0.9989811248538717}",20,0,-97.3735879843765,"{0: 13, 1: 4, 2: 1, 3: 0, 4: 2}",0
1478,False,"{'a': 0.1, 'e': 0.9894849033847916}",20,0,-115.12155693649211,"{0: 9, 1: 5, 2: 4, 3: 1, 4: 1}",0
1479,False,"{'a': 0.1, 'e': 0.9701020758413145}",25,0,-153.53644147066856,"{0: 16, 1: 2, 2: 4, 3: 0, 4: 3}",0
1480,False,"{'a': 0.1, 'e': 0.9410263090291437}",25,0,-48.80982745622225,"{0: 18, 1: 2, 2: 4, 3: 1, 4: 0}",0
1481,False,"{'a': 0.1, 'e': 0.9025481183990961}",35,0,-164.03122099623738,"{0: 23, 1: 1, 2: 8, 3: 1, 4: 2}",0
1482,False,"{'a': 0.1, 'e': 0.8550519653127332}",25,0,-98.57619781034636,"{0: 18, 1: 2, 2: 3, 3: 0, 4: 2}",0
1483,False,"{'a': 0.1, 'e': 0.7990124156315803}",25,12,-29.27201190888575,"{0: 9, 1: 1, 2: 2, 3: 1, 4: 0}",1
1484,False,"{'a': 0.1, 'e': 0.7349893980118267}",20,0,-75.73024658705397,"{0: 13, 1: 2, 2: 4, 3: 0, 4: 1}",0
1485,False,"{'a': 0.1, 'e': 0.6636226092823331}",20,0,-3.25168194386157,"{0: 17, 1: 1, 2: 2, 3: 0, 4: 0}",0
1486,False,"{'a': 0.1, 'e': 0.5856251228053606}",35,22,-13.12925490706366,"{0: 10, 1: 0, 2: 3, 3: 0, 4: 0}",1
1487,False,"{'a': 0.1, 'e': 0.5017762636832214}",20,2,-83.7783547473551,"{0: 13, 1: 1, 2: 2, 3: 0, 4: 2}",1
1488,False,"{'a': 0.1, 'e': 0.4129138219995634}",25,14,-10.582719348794448,"{0: 8, 1: 1, 2: 2, 3: 0, 4: 0}",1
1489,False,"{'a': 0.1, 'e': 0.3199256818976489}",35,8,-82.69490589807185,"{0: 19, 1: 1, 2: 5, 3: 1, 4: 1}",1
1490,False,"{'a': 0.1, 'e': 0.22374095013558368}",25,17,15.35813259825203,"{0: 8, 1: 0, 2: 0, 3: 0, 4: 0}",1
1491,False,"{'a': 0.1, 'e': 0.12532067275868897}",20,8,18.756274405131986,"{0: 12, 1: 0, 2: 0, 3: 0, 4: 0}",1
1492,False,"{'a': 0.1, 'e': 0.025648232645067943}",20,9,22.976369650218402,"{0: 11, 1: 0, 2: 0, 3: 0, 4: 0}",1
1493,False,"{'a': 0.1, 'e': 0.07428047613093586}",20,11,16.269226487483753,"{0: 9, 1: 0, 2: 0, 3: 0, 4: 0}",1
1494,False,"{'a': 0.1, 'e': 0.17346699894330034}",20,12,-4.066432941232459,"{0: 6, 1: 1, 2: 1, 3: 0, 4: 0}",1
1495,False,"{'a': 0.1, 'e': 0.2709202968427898}",20,0,25.966692937543925,"{0: 19, 1: 1, 2: 0, 3: 0, 4: 0}",0
1496,False,"{'a': 0.1, 'e': 0.36566664869057003}",25,1,-21.630078810706365,"{0: 21, 1: 2, 2: 0, 3: 0, 4: 1}",1
1497,False,"{'a': 0.1, 'e': 0.45675938025798335}",25,8,16.94476307176186,"{0: 16, 1: 0, 2: 1, 3: 0, 4: 0}",1
1498,False,"{'a': 0.1, 'e': 0.5432883230824102}",25,0,-60.74280753599492,"{0: 18, 1: 3, 2: 3, 3: 0, 4: 1}",0
1499,False,"{'a': 0.1, 'e': 0.6243889085698411}",20,0,29.737263178581735,"{0: 20, 1: 0, 2: 0, 3: 0, 4: 0}",0
1500,False,"{'a': 0.1, 'e': 0.6992508064783751}",20,3,-71.2720857728927,"{0: 13, 1: 2, 2: 0, 3: 0, 4: 2}",1
1501,False,"{'a': 0.1, 'e': 0.7671260214701636}",30,0,-204.06216107073303,"{0: 15, 1: 4, 2: 8, 3: 0, 4: 3}",0
1502,False,"{'a': 0.1, 'e': 0.8273363668335878}",20,2,-153.46478307009139,"{0: 11, 1: 0, 2: 3, 3: 1, 4: 3}",1
1503,False,"{'a': 0.1, 'e': 0.8792802407006362}",20,0,-83.5893638751226,"{0: 14, 1: 2, 2: 1, 3: 2, 4: 1}",0
1504,False,"{'a': 0.1, 'e': 0.9224386370540093}",20,0,-101.04869058397159,"{0: 10, 1: 5, 2: 3, 3: 1, 4: 1}",0
1505,False,"{'a': 0.1, 'e': 0.9563803314636136}",30,23,10.997616368826133,"{0: 7, 1: 0, 2: 0, 3: 0, 4: 0}",1
1506,False,"{'a': 0.1, 'e': 0.9807661897385406}",25,5,-70.05111316414418,"{0: 10, 1: 3, 2: 7, 3: 0, 4: 0}",1
1507,False,"{'a': 0.1, 'e': 0.995352556443803}",20,14,7.064975851086608,"{0: 5, 1: 1, 2: 0, 3: 0, 4: 0}",1
1508,False,"{'a': 0.1, 'e': 0.9999936894248855}",20,0,-169.17422963766154,"{0: 8, 1: 2, 2: 7, 3: 1, 4: 2}",0
1509,False,"{'a': 0.1, 'e': 0.9946432160152013}",25,0,-164.01218014027322,"{0: 17, 1: 0, 2: 2, 3: 4, 4: 2}",0
1510,False,"{'a': 0.1, 'e': 0.9793545963764285}",30,21,-53.64007258611122,"{0: 6, 1: 0, 2: 2, 3: 0, 4: 1}",1
1511,False,"{'a': 0.1, 'e': 0.9542805893422519}",30,0,-237.9165491365516,"{0: 12, 1: 2, 2: 11, 3: 3, 4: 2}",0
1512,False,"{'a': 0.1, 'e': 0.9196717261025812}",35,16,-104.66079616662239,"{0: 12, 1: 1, 2: 4, 3: 0, 4: 2}",1
1513,False,"{'a': 0.1, 'e': 0.8758738069787574}",20,0,-37.09960613568026,"{0: 13, 1: 3, 2: 4, 3: 0, 4: 0}",0
1514,False,"{'a': 0.1, 'e': 0.8233244463009902}",30,8,-67.33258639560447,"{0: 14, 1: 1, 2: 6, 3: 1, 4: 0}",1
1515,False,"{'a': 0.1, 'e': 0.7625486999106625}",35,0,-204.74909429810947,"{0: 23, 1: 2, 2: 6, 3: 0, 4: 4}",0
1516,False,"{'a': 0.1, 'e': 0.6941538189759158}",25,0,-55.40135527542434,"{0: 16, 1: 3, 2: 6, 3: 0, 4: 0}",0
1517,False,"{'a': 0.1, 'e': 0.6188231825386856}",20,6,-10.268739388575401,"{0: 10, 1: 2, 2: 2, 3: 0, 4: 0}",1
1518,False,"{'a': 0.1, 'e': 0.537309469417298}",20,0,-80.20549648037326,"{0: 16, 1: 0, 2: 2, 3: 0, 4: 2}",0
1519,False,"{'a': 0.1, 'e': 0.4504271376883899}",25,13,3.089450541702287,"{0: 10, 1: 0, 2: 2, 3: 0, 4: 0}",1
1520,False,"{'a': 0.1, 'e': 0.35904428689111606}",20,4,-79.34781949973492,"{0: 12, 1: 0, 2: 2, 3: 0, 4: 2}",1
1521,False,"{'a': 0.1, 'e': 0.26407398426348844}",25,3,23.696763939170864,"{0: 21, 1: 0, 2: 1, 3: 0, 4: 0}",1
1522,False,"{'a': 0.1, 'e': 0.1664651416763258}",20,9,-31.543559660179792,"{0: 9, 1: 1, 2: 0, 3: 0, 4: 1}",1
1523,False,"{'a': 0.1, 'e': 0.06719303441962095}",25,16,15.172477958254934,"{0: 9, 1: 0, 2: 0, 3: 0, 4: 0}",1
1524,False,"{'a': 0.1, 'e': 0.03275044342594057}",20,16,7.676550230741741,"{0: 4, 1: 0, 2: 0, 3: 0, 4: 0}",1
1525,False,"{'a': 0.1, 'e': 0.13236668966664739}",20,5,24.842031211059272,"{0: 15, 1: 0, 2: 0, 3: 0, 4: 0}",1
1526,False,"{'a': 0.1, 'e': 0.2306603716988155}",20,5,17.227580249149078,"{0: 14, 1: 1, 2: 0, 3: 0, 4: 0}",1
1527,False,"{'a': 0.1, 'e': 0.3266493715431779}",20,0,-82.45438959531481,"{0: 14, 1: 0, 2: 4, 3: 1, 4: 1}",0
1528,False,"{'a': 0.1, 'e': 0.41937459884298006}",30,12,-51.5896315695461,"{0: 12, 1: 1, 2: 3, 3: 2, 4: 0}",1
1529,False,"{'a': 0.1, 'e': 0.5079095737779551}",25,2,-80.4947465959438,"{0: 17, 1: 1, 2: 2, 3: 2, 4: 1}",1
1530,False,"{'a': 0.1, 'e': 0.5913696841443247}",20,0,4.080900639755495,"{0: 18, 1: 0, 2: 2, 3: 0, 4: 0}",0
1531,False,"{'a': 0.1, 'e': 0.6689210241075527}",20,0,-7.0371596174656625,"{0: 17, 1: 0, 2: 3, 3: 0, 4: 0}",0
1532,False,"{'a': 0.1, 'e': 0.7397887263138103}",25,0,-37.99442610722661,"{0: 19, 1: 1, 2: 4, 3: 1, 4: 0}",0
1533,False,"{'a': 0.1, 'e': 0.8032647041083605}",20,0,-156.87735743674543,"{0: 11, 1: 2, 2: 4, 3: 0, 4: 3}",0
1534,False,"{'a': 0.1, 'e': 0.8587147265034697}",20,0,-165.52698468396613,"{0: 11, 1: 3, 2: 2, 3: 1, 4: 3}",0
1535,False,"{'a': 0.1, 'e': 0.9055847552047066}",20,0,-181.09765104957143,"{0: 9, 1: 2, 2: 6, 3: 0, 4: 3}",0
1536,False,"{'a': 0.1, 'e': 0.9434064803784696}",25,0,-129.97657328390522,"{0: 11, 1: 5, 2: 8, 3: 0, 4: 1}",0
1537,False,"{'a': 0.1, 'e': 0.9718019998490011}",20,9,-4.977261632047099,"{0: 9, 1: 1, 2: 1, 3: 0, 4: 0}",1
1538,False,"{'a': 0.1, 'e': 0.9904875949720743}",30,0,-82.12625356585583,"{0: 19, 1: 2, 2: 9, 3: 0, 4: 0}",0
1539,False,"{'a': 0.1, 'e': 0.9992765654578563}",20,0,-132.25556804255422,"{0: 11, 1: 3, 2: 3, 3: 1, 4: 2}",0
1540,False,"{'a': 0.1, 'e': 0.9980810948185003}",20,0,-62.13738827056307,"{0: 12, 1: 2, 2: 5, 3: 1, 4: 0}",0
1541,False,"{'a': 0.1, 'e': 0.9869131278014602}",25,0,-162.2334446711596,"{0: 13, 1: 2, 2: 7, 3: 1, 4: 2}",0
1542,False,"{'a': 0.1, 'e': 0.9658842510415375}",25,8,-146.2314385220149,"{0: 10, 1: 0, 2: 4, 3: 0, 4: 3}",1
1543,False,"{'a': 0.1, 'e': 0.9352045781240932}",20,0,-181.1752515956673,"{0: 8, 1: 1, 2: 7, 3: 2, 4: 2}",0
1544,False,"{'a': 0.1, 'e': 0.8951806501995667}",20,0,-69.9824140095059,"{0: 13, 1: 1, 2: 4, 3: 2, 4: 0}",0
1545,False,"{'a': 0.1, 'e': 0.8462123731256282}",25,0,-79.67300139910125,"{0: 15, 1: 1, 2: 9, 3: 0, 4: 0}",0
1546,False,"{'a': 0.1, 'e': 0.788789021740023}",20,0,-47.51160960073311,"{0: 16, 1: 1, 2: 2, 3: 0, 4: 1}",0
1547,False,"{'a': 0.1, 'e': 0.7234843511881918}",20,0,-59.81339696099702,"{0: 15, 1: 0, 2: 4, 3: 0, 4: 1}",0
1548,False,"{'a': 0.1, 'e': 0.6509508641514196}",25,0,-30.921962706398702,"{0: 19, 1: 1, 2: 5, 3: 0, 4: 0}",0
1549,False,"{'a': 0.1, 'e': 0.5719132912557945}",25,0,-1.494022173422751,"{0: 22, 1: 0, 2: 3, 3: 0, 4: 0}",0
1550,False,"{'a': 0.1, 'e': 0.48716134980334147}",35,0,-19.57005102782701,"{0: 29, 1: 2, 2: 3, 3: 1, 4: 0}",0
1551,False,"{'a': 0.1, 'e': 0.39754185317776025}",25,19,8.635481262760683,"{0: 6, 1: 0, 2: 0, 3: 0, 4: 0}",1
1552,False,"{'a': 0.1, 'e': 0.30395024976511736}",20,0,20.116556265733383,"{0: 19, 1: 0, 2: 1, 3: 0, 4: 0}",0
1553,False,"{'a': 0.1, 'e': 0.20732167592941625}",20,0,13.750125191064276,"{0: 19, 1: 0, 2: 1, 3: 0, 4: 0}",0
1554,False,"{'a': 0.1, 'e': 0.10862161243926324}",25,6,21.6590664788278,"{0: 18, 1: 0, 2: 1, 3: 0, 4: 0}",1
1555,False,"{'a': 0.1, 'e': 0.008836237703148543}",20,8,24.08797622539019,"{0: 12, 1: 0, 2: 0, 3: 0, 4: 0}",1
1556,False,"{'a': 0.1, 'e': 0.09103742579925246}",25,17,16.519873288740172,"{0: 8, 1: 0, 2: 0, 3: 0, 4: 0}",1
1557,False,"{'a': 0.1, 'e': 0.19000147343601104}",25,14,6.797125407606819,"{0: 10, 1: 0, 2: 1, 3: 0, 4: 0}",1
1558,False,"{'a': 0.1, 'e': 0.28706708915633405}",20,8,11.416292895371182,"{0: 11, 1: 0, 2: 1, 3: 0, 4: 0}",1
1559,False,"{'a': 0.1, 'e': 0.3812644254135708}",25,11,2.629306262797114,"{0: 12, 1: 0, 2: 2, 3: 0, 4: 0}",1
1560,False,"{'a': 0.1, 'e': 0.47165229356133864}",25,14,18.84539889274504,"{0: 11, 1: 0, 2: 0, 3: 0, 4: 0}",1
1561,False,"{'a': 0.1, 'e': 0.5573275678993856}",20,12,-20.559867613453743,"{0: 6, 1: 0, 2: 1, 3: 1, 4: 0}",1
1562,False,"{'a': 0.1, 'e': 0.6374342094069577}",20,0,-81.37193314902383,"{0: 13, 1: 0, 2: 6, 3: 0, 4: 1}",0
1563,False,"{'a': 0.1, 'e': 0.7111718190018715}",25,1,-0.34496076791987185,"{0: 20, 1: 2, 2: 2, 3: 0, 4: 0}",1
1564,False,"{'a': 0.1, 'e': 0.777803634863468}",30,0,-84.65516070713645,"{0: 21, 1: 4, 2: 3, 3: 1, 4: 1}",0
1565,False,"{'a': 0.1, 'e': 0.836663893913208}",25,0,-106.92447145345092,"{0: 17, 1: 4, 2: 1, 3: 1, 4: 2}",0
1566,False,"{'a': 0.1, 'e': 0.8871644838992945}",25,0,-128.27519275163098,"{0: 18, 1: 2, 2: 2, 3: 0, 4: 3}",0
1567,False,"{'a': 0.1, 'e': 0.9288008196198335}",25,8,9.14210654168744,"{0: 15, 1: 1, 2: 1, 3: 0, 4: 0}",1
1568,False,"{'a': 0.1, 'e': 0.9611568845714638}",20,0,-67.13968510748899,"{0: 14, 1: 1, 2: 4, 3: 0, 4: 1}",0
1569,False,"{'a': 0.1, 'e': 0.9839093876486817}",20,0,-107.8063578410774,"{0: 10, 1: 2, 2: 5, 3: 3, 4: 0}",0
1570,False,"{'a': 0.1, 'e': 0.9968309933617175}",25,0,-208.65575920357705,"{0: 10, 1: 4, 2: 6, 3: 3, 4: 2}",0
1571,False,"{'a': 0.1, 'e': 0.9997925932976007}",20,0,-69.13575989669611,"{0: 12, 1: 2, 2: 5, 3: 1, 4: 0}",0
1572,False,"{'a': 0.1, 'e': 0.9927645961287451}",20,0,-103.94835973558973,"{0: 13, 1: 2, 2: 3, 3: 0, 4: 2}",0
1573,False,"{'a': 0.1, 'e': 0.9758172232797173}",30,0,-137.38036561711917,"{0: 20, 1: 4, 2: 2, 3: 2, 4: 2}",0
1574,False,"{'a': 0.1, 'e': 0.949119807297968}",25,6,-115.04451238434898,"{0: 10, 1: 1, 2: 4, 3: 4, 4: 0}",1
1575,False,"{'a': 0.1, 'e': 0.9129390999389944}",35,0,-92.07332711877451,"{0: 25, 1: 4, 2: 4, 3: 1, 4: 1}",0
1576,False,"{'a': 0.1, 'e': 0.8676366068709613}",35,0,-252.37014807706555,"{0: 19, 1: 9, 2: 1, 3: 1, 4: 5}",0
1577,False,"{'a': 0.1, 'e': 0.8136649756296173}",20,0,-42.1101423907323,"{0: 13, 1: 2, 2: 5, 3: 0, 4: 0}",0
1578,False,"{'a': 0.1, 'e': 0.7515634729136645}",25,0,-53.52223688133559,"{0: 19, 1: 2, 2: 2, 3: 2, 4: 0}",0
1579,False,"{'a': 0.1, 'e': 0.6819525964102134}",25,17,3.54559952055138,"{0: 7, 1: 0, 2: 1, 3: 0, 4: 0}",1
1580,False,"{'a': 0.1, 'e': 0.6055278749869898}",35,21,14.72608554020541,"{0: 13, 1: 0, 2: 1, 3: 0, 4: 0}",1
1581,False,"{'a': 0.1, 'e': 0.5230529191977762}",35,12,-37.132454579137814,"{0: 19, 1: 1, 2: 2, 3: 0, 4: 1}",1
1582,False,"{'a': 0.1, 'e': 0.4353517915382692}",25,15,9.002789355563053,"{0: 9, 1: 0, 2: 1, 3: 0, 4: 0}",1
1583,False,"{'a': 0.1, 'e': 0.3433007726858816}",25,9,14.160636387220038,"{0: 15, 1: 0, 2: 1, 3: 0, 4: 0}",1
1584,False,"{'a': 0.1, 'e': 0.24781960599296501}",25,17,-29.32614694983223,"{0: 7, 1: 0, 2: 0, 3: 0, 4: 1}",1
1585,False,"{'a': 0.1, 'e': 0.1498623077152374}",25,16,19.305691973092095,"{0: 9, 1: 0, 2: 0, 3: 0, 4: 0}",1
1586,False,"{'a': 0.1, 'e': 0.050407634796683656}",25,18,14.46301132018307,"{0: 7, 1: 0, 2: 0, 3: 0, 4: 0}",1
1587,False,"{'a': 0.1, 'e': 0.04955069454618168}",20,15,10.268766775117323,"{0: 5, 1: 0, 2: 0, 3: 0, 4: 0}",1
1588,False,"{'a': 0.1, 'e': 0.14901392972842356}",25,17,13.597727404914787,"{0: 8, 1: 0, 2: 0, 3: 0, 4: 0}",1
1589,False,"{'a': 0.1, 'e': 0.24698826698227544}",25,14,9.09950432324972,"{0: 10, 1: 0, 2: 1, 3: 0, 4: 0}",1
1590,False,"{'a': 0.1, 'e': 0.34249477911590703}",20,13,3.3539607502541955,"{0: 6, 1: 0, 2: 1, 3: 0, 4: 0}",1
1591,False,"{'a': 0.1, 'e': 0.43457919663036026}",20,10,-42.02488430992444,"{0: 8, 1: 0, 2: 1, 3: 0, 4: 1}",1
1592,False,"{'a': 0.1, 'e': 0.5223214424648401}",25,5,-29.15502046613157,"{0: 17, 1: 0, 2: 2, 3: 0, 4: 1}",1
1593,False,"{'a': 0.1, 'e': 0.6048448251027254}",20,15,-3.4883462791248854,"{0: 4, 1: 0, 2: 1, 3: 0, 4: 0}",1
1594,False,"{'a': 0.1, 'e': 0.6813247981833023}",20,7,-10.917498548329576,"{0: 10, 1: 1, 2: 2, 3: 0, 4: 0}",1
1595,False,"{'a': 0.1, 'e': 0.7509971990964674}",20,5,-86.02308187429321,"{0: 10, 1: 2, 2: 1, 3: 0, 4: 2}",1
1596,False,"{'a': 0.1, 'e': 0.8131658842429469}",25,0,-117.32787959883278,"{0: 17, 1: 2, 2: 3, 3: 1, 4: 2}",0
1597,False,"{'a': 0.1, 'e': 0.8672096846709569}",25,0,-178.09302751287376,"{0: 13, 1: 2, 2: 6, 3: 2, 4: 2}",0
1598,False,"{'a': 0.1, 'e': 0.9125886125911449}",30,0,-118.87265775090304,"{0: 19, 1: 2, 2: 7, 3: 1, 4: 1}",0
1599,False,"{'a': 0.1, 'e': 0.9488492567560117}",25,0,-185.16766208850004,"{0: 13, 1: 1, 2: 7, 3: 2, 4: 2}",0
1600,False,"{'a': 0.1, 'e': 0.9756293127952373}",35,0,-220.2603028690137,"{0: 21, 1: 4, 2: 6, 3: 0, 4: 4}",0
1601,False,"{'a': 0.1, 'e': 0.9926612032411909}",25,0,-100.56539121242712,"{0: 16, 1: 2, 2: 5, 3: 1, 4: 1}",0
1602,False,"{'a': 0.1, 'e': 0.9997747510745212}",20,0,-133.1302905707964,"{0: 7, 1: 6, 2: 5, 3: 1, 4: 1}",0
1603,False,"{'a': 0.1, 'e': 0.9968988800767101}",20,0,-124.98058466943365,"{0: 12, 1: 0, 2: 6, 3: 0, 4: 2}",0
1604,False,"{'a': 0.1, 'e': 0.9840623250001314}",30,0,-85.4120736585291,"{0: 21, 1: 3, 2: 5, 3: 0, 4: 1}",0
1605,False,"{'a': 0.1, 'e': 0.9613933444599089}",20,0,-94.5806906402951,"{0: 11, 1: 3, 2: 5, 3: 0, 4: 1}",0
1606,False,"{'a': 0.1, 'e': 0.9291184394162216}",35,0,-180.59653741415258,"{0: 19, 1: 7, 2: 5, 3: 2, 4: 2}",0
1607,False,"{'a': 0.1, 'e': 0.887560090051619}",20,0,-33.57084356926311,"{0: 12, 1: 5, 2: 3, 3: 0, 4: 0}",0
1608,False,"{'a': 0.1, 'e': 0.8371335336555805}",20,0,-151.2345321337979,"{0: 4, 1: 6, 2: 9, 3: 0, 4: 1}",0
1609,False,"{'a': 0.1, 'e': 0.7783426157108119}",25,0,-92.78509067602897,"{0: 16, 1: 2, 2: 5, 3: 1, 4: 1}",0
1610,False,"{'a': 0.1, 'e': 0.7117747556357236}",20,0,-81.50204062536869,"{0: 16, 1: 0, 2: 2, 3: 0, 4: 2}",0
1611,False,"{'a': 0.1, 'e': 0.6380950774837547}",25,4,-67.34355677243119,"{0: 15, 1: 2, 2: 2, 3: 1, 4: 1}",1
1612,False,"{'a': 0.1, 'e': 0.5580397642437783}",30,4,-60.621559573326564,"{0: 21, 1: 0, 2: 3, 3: 1, 4: 1}",1
1613,False,"{'a': 0.1, 'e': 0.47240870214289965}",25,12,-19.258126562005728,"{0: 9, 1: 1, 2: 3, 3: 0, 4: 0}",1
1614,False,"{'a': 0.1, 'e': 0.38205748844776505}",30,12,-3.633284750702109,"{0: 14, 1: 3, 2: 1, 3: 0, 4: 0}",1
1615,False,"{'a': 0.1, 'e': 0.2878888826194756}",20,3,-19.798622432462707,"{0: 14, 1: 0, 2: 2, 3: 1, 4: 0}",1
1616,False,"{'a': 0.1, 'e': 0.19084378623943715}",30,22,14.75534120123423,"{0: 8, 1: 0, 2: 0, 3: 0, 4: 0}",1
1617,False,"{'a': 0.1, 'e': 0.09189184183189009}",25,18,11.758618217875187,"{0: 7, 1: 0, 2: 0, 3: 0, 4: 0}",1
1618,False,"{'a': 0.1, 'e': 0.007978255483836716}",20,16,7.838776651992346,"{0: 4, 1: 0, 2: 0, 3: 0, 4: 0}",1
1619,False,"{'a': 0.1, 'e': 0.10776863670802965}",25,15,-22.683715795572233,"{0: 9, 1: 0, 2: 0, 3: 0, 4: 1}",1
1620,False,"{'a': 0.1, 'e': 0.20648222933781113}",25,12,-0.21682775572756996,"{0: 11, 1: 0, 2: 2, 3: 0, 4: 0}",1
1621,False,"{'a': 0.1, 'e': 0.3031327197860269}",20,13,1.2306575031029146,"{0: 6, 1: 1, 2: 0, 3: 0, 4: 0}",1
1622,False,"{'a': 0.1, 'e': 0.3967544083004682}",30,22,10.855459828289769,"{0: 7, 1: 1, 2: 0, 3: 0, 4: 0}",1
1623,False,"{'a': 0.1, 'e': 0.48641185791674235}",20,14,9.669951299330629,"{0: 6, 1: 0, 2: 0, 3: 0, 4: 0}",1
1624,False,"{'a': 0.1, 'e': 0.5712092410350961}",25,17,-2.448279707386266,"{0: 6, 1: 1, 2: 1, 3: 0, 4: 0}",1
1625,False,"{'a': 0.1, 'e': 0.6502992902336991}",20,0,-130.1348020410968,"{0: 11, 1: 1, 2: 6, 3: 0, 4: 2}",0
1626,False,"{'a': 0.1, 'e': 0.7228917638846731}",20,9,-0.7155891978310436,"{0: 9, 1: 1, 2: 1, 3: 0, 4: 0}",1
1627,False,"{'a': 0.1, 'e': 0.7882613419871378}",20,7,-14.102279016787271,"{0: 9, 1: 2, 2: 2, 3: 0, 4: 0}",1
1628,False,"{'a': 0.1, 'e': 0.8457548733250247}",25,0,-31.2637886659737,"{0: 20, 1: 1, 2: 3, 3: 1, 4: 0}",0
1629,False,"{'a': 0.1, 'e': 0.8947979015380404}",30,0,-200.7515302836998,"{0: 19, 1: 1, 2: 6, 3: 0, 4: 4}",0
1630,False,"{'a': 0.1, 'e': 0.9349004048997503}",25,0,-102.89502079814224,"{0: 15, 1: 4, 2: 4, 3: 1, 4: 1}",0
1631,False,"{'a': 0.1, 'e': 0.9656616924526967}",20,0,-72.48633468303481,"{0: 11, 1: 7, 2: 1, 3: 0, 4: 1}",0
1632,False,"{'a': 0.1, 'e': 0.986774407579963}",25,6,-120.01263410863301,"{0: 11, 1: 2, 2: 2, 3: 3, 4: 1}",1
1633,False,"{'a': 0.1, 'e': 0.9980275990109434}",25,0,-100.42722525276143,"{0: 14, 1: 5, 2: 5, 3: 0, 4: 1}",0
1634,False,"{'a': 0.1, 'e': 0.9993088285766699}",20,0,-28.413628577514633,"{0: 16, 1: 1, 2: 2, 3: 1, 4: 0}",0
1635,False,"{'a': 0.1, 'e': 0.9906052946548402}",35,0,-171.90563970641435,"{0: 20, 1: 3, 2: 10, 3: 0, 4: 2}",0
1636,False,"{'a': 0.1, 'e': 0.9720039600793885}",20,0,-211.0742785262494,"{0: 9, 1: 3, 2: 3, 3: 1, 4: 4}",0
1637,False,"{'a': 0.1, 'e': 0.9436906832366198}",35,0,-174.1964839480412,"{0: 27, 1: 1, 2: 3, 3: 0, 4: 4}",0
1638,False,"{'a': 0.1, 'e': 0.9059483610296178}",20,0,-118.2242333217686,"{0: 10, 1: 2, 2: 6, 3: 1, 4: 1}",0
1639,False,"{'a': 0.1, 'e': 0.8591541022659221}",25,0,-149.57618053144103,"{0: 17, 1: 1, 2: 4, 3: 0, 4: 3}",0
1640,False,"{'a': 0.1, 'e': 0.803775459710974}",20,0,-58.133119494825735,"{0: 15, 1: 1, 2: 3, 3: 0, 4: 1}",0
1641,False,"{'a': 0.1, 'e': 0.740365758455418}",20,0,-29.04762797134038,"{0: 15, 1: 2, 2: 2, 3: 1, 4: 0}",0
1642,False,"{'a': 0.1, 'e': 0.6695585672737748}",25,0,-54.91916410505235,"{0: 21, 1: 1, 2: 0, 3: 2, 4: 1}",1
1643,False,"{'a': 0.1, 'e': 0.5920613682145692}",30,0,-47.57565385963378,"{0: 24, 1: 2, 2: 3, 3: 0, 4: 1}",0
1644,False,"{'a': 0.1, 'e': 0.5086484876736325}",25,4,-103.02370049638462,"{0: 15, 1: 1, 2: 2, 3: 1, 4: 2}",1
1645,False,"{'a': 0.1, 'e': 0.4201533595806971}",25,3,-24.977077080469414,"{0: 20, 1: 0, 2: 1, 3: 0, 4: 1}",1
1646,False,"{'a': 0.1, 'e': 0.32746019800304055}",25,2,-59.360551999732,"{0: 18, 1: 1, 2: 2, 3: 1, 4: 1}",1
1647,False,"{'a': 0.1, 'e': 0.23149516237091392}",20,4,14.616822181525576,"{0: 15, 1: 0, 2: 1, 3: 0, 4: 0}",1
1648,False,"{'a': 0.1, 'e': 0.13321710359850414}",25,12,-4.1986077828608455,"{0: 10, 1: 2, 2: 1, 3: 0, 4: 0}",1
1649,False,"{'a': 0.1, 'e': 0.03360798356265806}",20,6,20.77588485214213,"{0: 13, 1: 1, 2: 0, 3: 0, 4: 0}",1
1650,False,"{'a': 0.1, 'e': 0.06633693633562374}",25,13,22.441229274814123,"{0: 12, 1: 0, 2: 0, 3: 0, 4: 0}",1
1651,False,"{'a': 0.1, 'e': 0.1656190394941438}",25,16,19.25758677905766,"{0: 9, 1: 0, 2: 0, 3: 0, 4: 0}",1
1652,False,"{'a': 0.1, 'e': 0.263246331956386}",25,13,-23.527532584945,"{0: 11, 1: 0, 2: 0, 3: 0, 4: 1}",1
1653,False,"{'a': 0.1, 'e': 0.35824335408738833}",25,19,-1.5022844097007333,"{0: 5, 1: 0, 2: 1, 3: 0, 4: 0}",1
1654,False,"{'a': 0.1, 'e': 0.4496609270438585}",20,10,6.224005914172025,"{0: 9, 1: 0, 2: 1, 3: 0, 4: 0}",1
1655,False,"{'a': 0.1, 'e': 0.5365856366554476}",20,3,16.110098773974933,"{0: 16, 1: 0, 2: 1, 3: 0, 4: 0}",1
1656,False,"{'a': 0.1, 'e': 0.6181489599572276}",20,0,-5.985152801198925,"{0: 17, 1: 1, 2: 2, 3: 0, 4: 0}",0
1657,False,"{'a': 0.1, 'e': 0.6935359431839714}",20,12,-19.348678472616132,"{0: 5, 1: 0, 2: 3, 3: 0, 4: 0}",1
1658,False,"{'a': 0.1, 'e': 0.7619933445189245}",35,10,-86.41095899147773,"{0: 18, 1: 3, 2: 2, 3: 0, 4: 2}",1
1659,False,"{'a': 0.1, 'e': 0.8228371602369567}",20,0,-61.168792796898316,"{0: 17, 1: 1, 2: 0, 3: 0, 4: 2}",0
1660,False,"{'a': 0.1, 'e': 0.875459459043705}",25,15,-1.4256242719775118,"{0: 8, 1: 1, 2: 1, 3: 0, 4: 0}",1
1661,False,"{'a': 0.1, 'e': 0.9193344563241227}",20,0,-29.492180235743962,"{0: 17, 1: 2, 2: 0, 3: 0, 4: 1}",0
1662,False,"{'a': 0.1, 'e': 0.954023767608505}",25,14,-56.45094781233275,"{0: 7, 1: 0, 2: 3, 3: 0, 4: 1}",1
1663,False,"{'a': 0.1, 'e': 0.979180788765274}",20,0,-95.67107252137916,"{0: 13, 1: 4, 2: 1, 3: 0, 4: 2}",0
1664,False,"{'a': 0.1, 'e': 0.9945541591548367}",30,0,-172.6833699240019,"{0: 20, 1: 1, 2: 5, 3: 1, 4: 3}",0
1665,False,"{'a': 0.1, 'e': 0.9999902731420214}",20,0,-71.11761334220694,"{0: 10, 1: 3, 2: 7, 3: 0, 4: 0}",0
1666,False,"{'a': 0.1, 'e': 0.9954348148728055}",30,0,-173.70676971256228,"{0: 19, 1: 4, 2: 3, 3: 1, 4: 3}",0
1667,False,"{'a': 0.1, 'e': 0.9809333009803836}",20,0,-123.0788196406438,"{0: 13, 1: 0, 2: 4, 3: 1, 4: 2}",0
1668,False,"{'a': 0.1, 'e': 0.9566306257980056}",20,0,-16.15957943039206,"{0: 15, 1: 2, 2: 3, 3: 0, 4: 0}",0
1669,False,"{'a': 0.1, 'e': 0.9227696136226975}",30,0,-93.99227815652299,"{0: 20, 1: 5, 2: 3, 3: 1, 4: 1}",0
1670,False,"{'a': 0.1, 'e': 0.8796885924951523}",20,0,-122.72611010423597,"{0: 13, 1: 0, 2: 4, 3: 1, 4: 2}",0
1671,False,"{'a': 0.1, 'e': 0.8278180137377684}",20,0,-23.221443607607203,"{0: 15, 1: 3, 2: 1, 3: 1, 4: 0}",0
1672,False,"{'a': 0.1, 'e': 0.7676761510273852}",20,5,-16.443883909750994,"{0: 12, 1: 1, 2: 1, 3: 1, 4: 0}",1
1673,False,"{'a': 0.1, 'e': 0.6998639219759345}",30,0,-128.00928060755155,"{0: 20, 1: 3, 2: 4, 3: 1, 4: 2}",0
1674,False,"{'a': 0.1, 'e': 0.6250588839603557}",30,0,-137.6450700921924,"{0: 19, 1: 3, 2: 5, 3: 1, 4: 2}",0
1675,False,"{'a': 0.1, 'e': 0.5440084641932424}",30,9,-83.56766593954832,"{0: 16, 1: 0, 2: 3, 3: 0, 4: 2}",1
1676,False,"{'a': 0.1, 'e': 0.4575224916771755}",20,6,-16.015545122534892,"{0: 11, 1: 1, 2: 1, 3: 1, 4: 0}",1
1677,False,"{'a': 0.1, 'e': 0.366465105661123}",30,20,-9.14243269919104,"{0: 7, 1: 1, 2: 2, 3: 0, 4: 0}",1
1678,False,"{'a': 0.1, 'e': 0.27174612144656335}",30,10,-21.03956989514416,"{0: 15, 1: 1, 2: 4, 3: 0, 4: 0}",1
1679,False,"{'a': 0.1, 'e': 0.17431193981383483}",30,13,11.426641025973025,"{0: 15, 1: 1, 2: 1, 3: 0, 4: 0}",1
1680,False,"{'a': 0.1, 'e': 0.07513609089835323}",25,10,27.64209696251227,"{0: 15, 1: 0, 2: 0, 3: 0, 4: 0}",1
1681,False,"{'a': 0.1, 'e': 0.024790493000723505}",25,10,25.296461988328375,"{0: 15, 1: 0, 2: 0, 3: 0, 4: 0}",1
1682,False,"{'a': 0.1, 'e': 0.12446937848835618}",20,14,10.807145039872333,"{0: 6, 1: 0, 2: 0, 3: 0, 4: 0}",1
1683,False,"{'a': 0.1, 'e': 0.22290460709023963}",20,9,-0.6752272482086334,"{0: 9, 1: 1, 2: 1, 3: 0, 4: 0}",1
1684,False,"{'a': 0.1, 'e': 0.31911264654054444}",20,2,14.647141467487844,"{0: 16, 1: 1, 2: 1, 3: 0, 4: 0}",1
1685,False,"{'a': 0.1, 'e': 0.41213221791123295}",35,17,17.719932575868842,"{0: 16, 1: 1, 2: 1, 3: 0, 4: 0}",1
1686,False,"{'a': 0.1, 'e': 0.5010339003933761}",20,0,-29.34844963775859,"{0: 14, 1: 3, 2: 3, 3: 0, 4: 0}",0
1687,False,"{'a': 0.1, 'e': 0.5849294177625511}",20,7,-1.929918542628946,"{0: 10, 1: 2, 2: 1, 3: 0, 4: 0}",1
1688,False,"{'a': 0.1, 'e': 0.6629805137414022}",35,0,-162.40642011909287,"{0: 22, 1: 2, 2: 8, 3: 1, 4: 2}",0
1689,False,"{'a': 0.1, 'e': 0.7344073275791708}",30,0,-23.960939543366077,"{0: 24, 1: 1, 2: 5, 3: 0, 4: 0}",0
1690,False,"{'a': 0.1, 'e': 0.7984961861625556}",20,7,-53.32338931566912,"{0: 10, 1: 0, 2: 1, 3: 1, 4: 1}",1
1691,False,"{'a': 0.1, 'e': 0.8546067348015661}",25,0,-27.417338336259707,"{0: 21, 1: 3, 2: 0, 3: 0, 4: 1}",0
1692,False,"{'a': 0.1, 'e': 0.9021783354418512}",20,0,-123.5418922356144,"{0: 12, 1: 3, 2: 2, 3: 1, 4: 2}",0
1693,False,"{'a': 0.1, 'e': 0.9407356683749107}",20,0,-178.56313689588603,"{0: 6, 1: 5, 2: 6, 3: 1, 4: 2}",0
1694,False,"{'a': 0.1, 'e': 0.9698934814754373}",20,0,-110.26193847667965,"{0: 13, 1: 1, 2: 4, 3: 0, 4: 2}",0
1695,False,"{'a': 0.1, 'e': 0.989360439513222}",30,0,-114.48395207518475,"{0: 18, 1: 4, 2: 7, 3: 0, 4: 1}",0
1696,False,"{'a': 0.1, 'e': 0.9989420350784735}",30,5,-121.48964562987983,"{0: 15, 1: 3, 2: 4, 3: 2, 4: 1}",1
1697,False,"{'a': 0.1, 'e': 0.9985425320355527}",25,0,-152.88494634925698,"{0: 13, 1: 4, 2: 5, 3: 1, 4: 2}",0
1698,False,"{'a': 0.1, 'e': 0.9881659220868103}",20,0,-90.17768890645323,"{0: 12, 1: 3, 2: 3, 3: 1, 4: 1}",0
1699,False,"{'a': 0.1, 'e': 0.9679158848888032}",25,0,-114.18545550337436,"{0: 16, 1: 2, 2: 4, 3: 2, 4: 1}",0
1700,False,"{'a': 0.1, 'e': 0.9379947521194415}",25,0,-139.70566674839384,"{0: 12, 1: 1, 2: 11, 3: 0, 4: 1}",0
1701,False,"{'a': 0.1, 'e': 0.8987014858467324}",20,13,-12.099881073718727,"{0: 5, 1: 0, 2: 2, 3: 0, 4: 0}",1
1702,False,"{'a': 0.1, 'e': 0.8504286913986684}",30,0,-130.86598544970673,"{0: 18, 1: 6, 2: 4, 3: 0, 4: 2}",0
1703,False,"{'a': 0.1, 'e': 0.7936586945805001}",20,0,-76.72336415752494,"{0: 14, 1: 1, 2: 3, 3: 1, 4: 1}",0
1704,False,"{'a': 0.1, 'e': 0.7289587224347688}",30,4,-152.4471014846609,"{0: 17, 1: 1, 2: 5, 3: 0, 4: 3}",1
1705,False,"{'a': 0.1, 'e': 0.6569752356961871}",25,10,-16.700864134794337,"{0: 13, 1: 0, 2: 1, 3: 1, 4: 0}",1
1706,False,"{'a': 0.1, 'e': 0.5784274695696465}",25,0,-37.82708319550503,"{0: 21, 1: 2, 2: 1, 3: 0, 4: 1}",0
1707,False,"{'a': 0.1, 'e': 0.49410024736988856}",30,0,-52.015632648091575,"{0: 24, 1: 1, 2: 4, 3: 0, 4: 1}",0
1708,False,"{'a': 0.1, 'e': 0.40483613882623803}",20,0,-14.071975755896943,"{0: 18, 1: 0, 2: 0, 3: 2, 4: 0}",0
1709,False,"{'a': 0.1, 'e': 0.3115270414044718}",30,18,-28.77321111263489,"{0: 10, 1: 0, 2: 1, 3: 0, 4: 1}",1
1710,False,"{'a': 0.1, 'e': 0.21510526876214117}",20,0,8.41652594634392,"{0: 18, 1: 0, 2: 2, 3: 0, 4: 0}",1
1711,False,"{'a': 0.1, 'e': 0.11653423537865955}",20,16,8.09841560788427,"{0: 4, 1: 0, 2: 0, 3: 0, 4: 0}",1
1712,False,"{'a': 0.1, 'e': 0.016798830436398977}",25,10,25.592668578874672,"{0: 15, 1: 0, 2: 0, 3: 0, 4: 0}",1
1713,False,"{'a': 0.1, 'e': 0.08310442286662702}",20,13,13.620277410635552,"{0: 7, 1: 0, 2: 0, 3: 0, 4: 0}",1
1714,False,"{'a': 0.1, 'e': 0.18217732424703967}",25,11,15.625566059632693,"{0: 13, 1: 1, 2: 0, 3: 0, 4: 0}",1
1715,False,"{'a': 0.1, 'e': 0.2794299700233931}",25,17,10.927702790262433,"{0: 7, 1: 1, 2: 0, 3: 0, 4: 0}",1
1716,False,"{'a': 0.1, 'e': 0.373890643906567}",20,10,5.818212838913768,"{0: 9, 1: 0, 2: 1, 3: 0, 4: 0}",1
1717,False,"{'a': 0.1, 'e': 0.4646155260676146}",20,0,17.632971710278877,"{0: 19, 1: 0, 2: 1, 3: 0, 4: 0}",0
1718,False,"{'a': 0.1, 'e': 0.5506981234736689}",20,7,-37.0536854939589,"{0: 10, 1: 1, 2: 1, 3: 0, 4: 1}",1
1719,False,"{'a': 0.1, 'e': 0.6312783272665722}",25,12,-9.283369826680929,"{0: 10, 1: 1, 2: 2, 3: 0, 4: 0}",1
1720,False,"{'a': 0.1, 'e': 0.7055510066862999}",30,0,-148.06368682147183,"{0: 17, 1: 2, 2: 8, 3: 2, 4: 1}",0
1721,False,"{'a': 0.1, 'e': 0.7727740536713918}",30,0,-150.47960200307745,"{0: 19, 1: 2, 2: 6, 3: 1, 4: 2}",0
1722,False,"{'a': 0.1, 'e': 0.8322757977573199}",25,0,-64.04985582923882,"{0: 18, 1: 1, 2: 4, 3: 2, 4: 0}",0
1723,False,"{'a': 0.1, 'e': 0.8834617171858592}",25,0,-277.0914150804936,"{0: 12, 1: 2, 2: 4, 3: 2, 4: 5}",0
1724,False,"{'a': 0.1, 'e': 0.9258203791698953}",25,0,-52.59497096331576,"{0: 16, 1: 3, 2: 6, 3: 0, 4: 0}",0
1725,False,"{'a': 0.1, 'e': 0.9589285499607959}",30,0,-188.382123811405,"{0: 15, 1: 3, 2: 9, 3: 1, 4: 2}",0
1726,False,"{'a': 0.1, 'e': 0.9824554236601298}",25,0,-274.64453802207396,"{0: 10, 1: 3, 2: 7, 3: 0, 4: 5}",0
1727,False,"{'a': 0.1, 'e': 0.9961659275228304}",20,0,-163.21451927644202,"{0: 11, 1: 2, 2: 4, 3: 0, 4: 3}",0
1728,False,"{'a': 0.1, 'e': 0.9999230707263996}",25,0,-136.48070480332026,"{0: 13, 1: 7, 2: 1, 3: 3, 4: 1}",0
1729,False,"{'a': 0.1, 'e': 0.9936893131378939}",20,0,-149.06457315097862,"{0: 10, 1: 2, 2: 5, 3: 1, 4: 2}",0
1730,False,"{'a': 0.1, 'e': 0.9775269404025313}",25,0,-154.00374195350065,"{0: 14, 1: 2, 2: 6, 3: 1, 4: 2}",0
1731,False,"{'a': 0.1, 'e': 0.9515974416061047}",20,0,-49.351342691929034,"{0: 13, 1: 2, 2: 5, 3: 0, 4: 0}",0
1732,False,"{'a': 0.1, 'e': 0.9161598957294499}",25,0,-172.16634969849,"{0: 15, 1: 2, 2: 4, 3: 1, 4: 3}",0
1733,False,"{'a': 0.1, 'e': 0.8715683830168651}",35,0,-144.3181882264303,"{0: 21, 1: 4, 2: 7, 3: 2, 4: 1}",0
1734,False,"{'a': 0.1, 'e': 0.8182684471233801}",20,0,-42.526900335115364,"{0: 13, 1: 3, 2: 4, 3: 0, 4: 0}",0
1735,False,"{'a': 0.1, 'e': 0.7567926433898263}",25,12,-39.28967084583442,"{0: 10, 1: 1, 2: 1, 3: 0, 4: 1}",1
1736,False,"{'a': 0.1, 'e': 0.6877552177258895}",30,0,-6.782704140901834,"{0: 26, 1: 1, 2: 3, 3: 0, 4: 0}",0
1737,False,"{'a': 0.1, 'e': 0.6118459692681043}",25,15,-6.071089743234568,"{0: 9, 1: 0, 2: 0, 3: 1, 4: 0}",1
1738,False,"{'a': 0.1, 'e': 0.5298233581347805}",20,5,-18.002349595993376,"{0: 11, 1: 1, 2: 3, 3: 0, 4: 0}",1
1739,False,"{'a': 0.1, 'e': 0.44250692714329193}",25,0,-87.08793660652036,"{0: 18, 1: 3, 2: 2, 3: 0, 4: 2}",0
1740,False,"{'a': 0.1, 'e': 0.3507691132091307}",20,11,4.9768279176173245,"{0: 8, 1: 0, 2: 1, 3: 0, 4: 0}",1
1741,False,"{'a': 0.1, 'e': 0.25552653024460975}",30,14,-12.176441759265854,"{0: 12, 1: 1, 2: 3, 3: 0, 4: 0}",1
1742,False,"{'a': 0.1, 'e': 0.15773081065575253}",25,8,16.785776773534568,"{0: 16, 1: 0, 2: 1, 3: 0, 4: 0}",1
1743,False,"{'a': 0.1, 'e': 0.058359096945697166}",25,13,-5.987054210426929,"{0: 10, 1: 1, 2: 0, 3: 1, 4: 0}",1
1744,False,"{'a': 0.1, 'e': 0.04159572157008688}",30,11,11.441665443666,"{0: 18, 1: 0, 2: 0, 3: 1, 4: 0}",1
1745,False,"{'a': 0.1, 'e': 0.14113492938566014}",20,3,26.901806616946,"{0: 17, 1: 0, 2: 0, 3: 0, 4: 0}",1
1746,False,"{'a': 0.1, 'e': 0.23926396363984465}",30,0,37.247380828957155,"{0: 29, 1: 1, 2: 0, 3: 0, 4: 0}",0
1747,False,"{'a': 0.1, 'e': 0.33500235145946305}",25,13,2.5108578807490294,"{0: 10, 1: 1, 2: 1, 3: 0, 4: 0}",1
1748,False,"{'a': 0.1, 'e': 0.4273935065203534}",20,13,14.098286094669302,"{0: 7, 1: 0, 2: 0, 3: 0, 4: 0}",1
1749,False,"{'a': 0.1, 'e': 0.5155142869416028}",25,0,-41.146166524797515,"{0: 21, 1: 0, 2: 3, 3: 0, 4: 1}",0
1750,False,"{'a': 0.1, 'e': 0.5984842190140996}",25,0,-21.58496669512091,"{0: 20, 1: 0, 2: 5, 3: 0, 4: 0}",0
1751,False,"{'a': 0.1, 'e': 0.6754742946028095}",20,8,-52.1329890513019,"{0: 8, 1: 1, 2: 2, 3: 0, 4: 1}",1
1752,False,"{'a': 0.1, 'e': 0.7457152543219417}",25,0,-99.79312944579239,"{0: 15, 1: 2, 2: 7, 3: 0, 4: 1}",0
1753,False,"{'a': 0.1, 'e': 0.8085052737205801}",25,17,-21.722982682323277,"{0: 6, 1: 0, 2: 1, 3: 1, 4: 0}",1
1754,False,"{'a': 0.1, 'e': 0.8632169756805143}",20,0,-134.18497785784942,"{0: 12, 1: 0, 2: 6, 3: 0, 4: 2}",0
1755,False,"{'a': 0.1, 'e': 0.9093036989610448}",25,0,-107.55500405852409,"{0: 14, 1: 5, 2: 4, 3: 1, 4: 1}",0
1756,False,"{'a': 0.1, 'e': 0.9463049602574072}",30,0,-156.32042600128523,"{0: 16, 1: 5, 2: 5, 3: 3, 4: 1}",0
1757,False,"{'a': 0.1, 'e': 0.973851055197698}",20,1,-81.93577218285446,"{0: 14, 1: 1, 2: 2, 3: 0, 4: 2}",1
1758,False,"{'a': 0.1, 'e': 0.991666752306814}",35,0,-231.14267194146754,"{0: 19, 1: 2, 2: 10, 3: 1, 4: 3}",0
1759,False,"{'a': 0.1, 'e': 0.9995740430283276}",30,2,-98.65079014547698,"{0: 19, 1: 2, 2: 5, 3: 1, 4: 1}",1
1760,False,"{'a': 0.1, 'e': 0.9974939203271522}",30,0,-176.0304792432201,"{0: 15, 1: 7, 2: 4, 3: 2, 4: 2}",0
1761,False,"{'a': 0.1, 'e': 0.985447168101716}",20,0,-46.62532095468859,"{0: 14, 1: 1, 2: 4, 3: 1, 4: 0}",0
1762,False,"{'a': 0.1, 'e': 0.9635541535181353}",25,0,-190.62795375179846,"{0: 10, 1: 6, 2: 5, 3: 2, 4: 2}",0
1763,False,"{'a': 0.1, 'e': 0.9320336243412589}",25,4,-89.81965650734085,"{0: 13, 1: 1, 2: 6, 3: 0, 4: 1}",1
1764,False,"{'a': 0.1, 'e': 0.8912005232793206}",20,6,-5.3429317189502825,"{0: 11, 1: 2, 2: 1, 3: 0, 4: 0}",1
1765,False,"{'a': 0.1, 'e': 0.8414628411805024}",20,0,-79.12400824767296,"{0: 16, 1: 1, 2: 1, 3: 0, 4: 2}",0
1766,False,"{'a': 0.1, 'e': 0.7833175405232261}",25,3,-67.4314324460902,"{0: 16, 1: 1, 2: 2, 3: 3, 4: 0}",1
1767,False,"{'a': 0.1, 'e': 0.7173455899314114}",20,0,-8.523931989252375,"{0: 16, 1: 3, 2: 1, 3: 0, 4: 0}",0
1768,False,"{'a': 0.1, 'e': 0.6442061593279286}",25,0,-51.42472769438062,"{0: 18, 1: 1, 2: 5, 3: 1, 4: 0}",0
1769,False,"{'a': 0.1, 'e': 0.5646300337266862}",20,0,-63.3059188260368,"{0: 15, 1: 1, 2: 2, 3: 1, 4: 1}",0
1770,False,"{'a': 0.1, 'e': 0.47941231147032193}",25,0,-43.35187418254135,"{0: 20, 1: 2, 2: 2, 3: 0, 4: 1}",0
1771,False,"{'a': 0.1, 'e': 0.3894044598703614}",25,0,-25.494702514794763,"{0: 22, 1: 1, 2: 1, 3: 0, 4: 1}",0
1772,False,"{'a': 0.1, 'e': 0.2955058076274022}",25,11,21.8304420945557,"{0: 14, 1: 0, 2: 0, 3: 0, 4: 0}",1
1773,False,"{'a': 0.1, 'e': 0.19865455903586335}",25,0,-21.945234106474757,"{0: 22, 1: 1, 2: 0, 3: 1, 4: 1}",0
1774,False,"{'a': 0.1, 'e': 0.09981841975690503}",25,2,-13.47454157756279,"{0: 21, 1: 1, 2: 0, 3: 0, 4: 1}",1
1775,False,"{'a': 0.1, 'e': 1.50721766814562e-05}",25,15,17.877071921047857,"{0: 10, 1: 0, 2: 0, 3: 0, 4: 0}",1
1,True,"{'a': 0.0, 'e': 0.0}",25,9,23.457785060605534,"{0: 16, 1: 0, 2: 0, 3: 0, 4: 0}",1
2,True,"{'a': 0.0, 'e': 0.0}",30,18,23.160251595134856,"{0: 12, 1: 0, 2: 0, 3: 0, 4: 0}",1
3,True,"{'a': 0.0, 'e': 0.0}",30,17,21.318980533390697,"{0: 13, 1: 0, 2: 0, 3: 0, 4: 0}",1
4,True,"{'a': 0.0, 'e': 0.0}",35,21,26.695760804119654,"{0: 14, 1: 0, 2: 0, 3: 0, 4: 0}",1
5,True,"{'a': 0.0, 'e': 0.0}",20,6,23.8180640788254,"{0: 14, 1: 0, 2: 0, 3: 0, 4: 0}",1
6,True,"{'a': 0.0, 'e': 0.0}",30,19,19.113313074612584,"{0: 11, 1: 0, 2: 0, 3: 0, 4: 0}",1
7,True,"{'a': 0.0, 'e': 0.0}",20,12,17.569231446279947,"{0: 8, 1: 0, 2: 0, 3: 0, 4: 0}",1
8,True,"{'a': 0.0, 'e': 0.0}",20,12,17.750774193056895,"{0: 8, 1: 0, 2: 0, 3: 0, 4: 0}",1
9,True,"{'a': 0.0, 'e': 0.0}",25,18,15.106629019144751,"{0: 7, 1: 0, 2: 0, 3: 0, 4: 0}",1
10,True,"{'a': 0.0, 'e': 0.0}",20,12,17.36481172535922,"{0: 8, 1: 0, 2: 0, 3: 0, 4: 0}",1
